0 0.229497890240484
0.125 0.337627549277438
0.25 0.430776104487602
0.375 0.506220864337321
0.5 0.56150411314039
0.625 0.594483813963138
0.75 0.60337966635669
0.875 0.586822884740196
1 0.543922883773535
1.125 0.474365547291385
1.25 0.378551803559491
1.375 0.257768777628853
1.5 0.114359945675298
1.625 -0.0481666598629066
1.75 -0.225167780920465
1.875 -0.411093771170715
2 -0.599929505417697
2.125 -0.785783971969527
2.25 -0.963490547389392
2.375 -1.12904375511761
2.5 -1.27972812192567
2.625 -1.4138903962926
2.75 -1.53043409533578
2.875 -1.62822071107651
3 -1.70559667597584
3.125 -1.76021285089826
3.25 -1.78918814777211
3.375 -1.78954291615775
3.5 -1.75874337508601
3.625 -1.6951835183404
3.75 -1.59847937348358
3.875 -1.46953101150317
4 -1.31038333079567
4.125 -1.12396218640988
4.25 -0.913771765184496
4.375 -0.683621547574255
4.5 -0.437422267286194
4.625 -0.179063115487524
4.75 0.0876363421884716
4.875 0.35891592704879
5 0.631026335299063
5.125 0.900162944707807
5.25 1.16240182551576
5.375 1.41365630292748
5.5 1.64966962178123
5.625 1.86605469702067
5.75 2.05838552605084
5.875 2.22233714062931
6 2.35386305207703
6.125 2.44939231056557
6.25 2.50602381006307
6.375 2.52169423285954
6.5 2.49529840655912
6.625 2.42674658230654
6.75 2.31695139235156
6.875 2.16774673179529
7 1.9817500529651
7.125 1.76218713469555
7.25 1.51270315835213
7.375 1.23718521988446
7.5 0.939619114436759
7.625 0.623997763038055
7.75 0.294290857930399
7.875 -0.0455236951862767
8 -0.391374953425623
8.125 -0.738977009172915
8.25 -1.08369205849176
8.375 -1.4204037408582
8.5 -1.74342628189954
8.625 -2.04647235473622
8.75 -2.32269740903738
8.875 -2.56483103602007
9 -2.76539742737773
9.125 -2.91701791880797
9.25 -3.01277978796151
9.375 -3.04664768547117
