0 0
0.0951997773815089 0.30714749776405
0.190399554763018 0.428462598055852
0.285599332144527 0.512767383559707
0.380799109526036 0.572885846731322
0.475998886907544 0.613231330823232
0.571198664289053 0.635799954718994
0.666398441670562 0.641680539249849
0.761598219052071 0.631599763063017
0.85679799643358 0.606161252530323
0.951997773815089 0.565963691790679
1.0471975511966 0.511663353973244
1.14239732857811 0.444007981644652
1.23759710595962 0.363854415099874
1.33279688334112 0.272176199887805
1.42799666072263 0.1700645442388
1.52319643810414 0.0587245749586037
1.61839621548565 -0.0605319063434561
1.71359599286716 -0.186296374222851
1.80879577024867 -0.317075677303199
1.90399554763018 -0.451305858060245
1.99919532501169 -0.58736734977974
2.0943951023932 -0.723601254558267
2.1895948797747 -0.858326436140859
2.28479465715621 -0.989857180363753
2.37999443453772 -1.11652118864419
2.47519421191923 -1.23667767920756
2.57039398930074 -1.3487353783797
2.66559376668225 -1.45117019145864
2.76079354406376 -1.54254235016148
2.85599332144527 -1.62151284189385
2.95119309882678 -1.68685893540567
3.04639287620828 -1.73748862794751
3.14159265358979 -1.77245385090552
3.2367924309713 -1.79096228408428
3.33199220835281 -1.79238764329134
3.42719198573432 -1.77627832157914
3.52239176311583 -1.74236428131773
3.61759154049734 -1.69056211207532
3.71279131787885 -1.62097818792678
3.80799109526036 -1.53390987712908
3.90319087264186 -1.42984477692299
3.99839065002337 -1.30945796635705
4.09359042740488 -1.17360729029303
4.18879020478639 -1.02332670794649
4.2839899821679 -0.859817759246452
4.37918975954941 -0.68443922176833
4.47438953693092 -0.498695049813026
4.56958931431243 -0.304220705184381
4.66478909169394 -0.102768006177555
4.75998886907544 0.103811362938816
4.85518864645695 0.313583525243773
4.95038842383846 0.52455109766345
5.04558820121997 0.734672709733157
5.14078797860148 0.941883164165655
5.23598775598299 1.14411404107971
5.3311875333645 1.3393145419885
5.42638731074601 1.52547236589343
5.52158708812751 1.70063440812072
5.61678686550902 1.86292707290231
5.71198664289053 2.01057599314394
5.80718642027204 2.1419249553286
5.90238619765355 2.25545383403618
5.99758597503506 2.34979534906681
6.09278575241657 2.42375046856079
6.18798552979808 2.47630229371872
6.28318530717959 2.506628274631
6.3783850845611 2.51411062219665
6.4735848619426 2.49834479800411
6.56878463932411 2.45914598220223
6.66398441670562 2.39655343863612
6.75918419408713 2.31083271667724
6.85438397146864 2.20247565004658
6.94958374885015 2.07219813431446
7.04478352623166 1.92093568645248
7.13998330361317 1.74983681160352
7.23518308099467 1.56025422391114
7.33038285837618 1.35373398959842
7.42558263575769 1.13200268129851
7.5207824131392 0.896952652709162
7.61598219052071 0.650625561771643
7.71118196790222 0.395194288570336
7.80638174528373 0.132943410830895
7.90158152266524 -0.133751584905957
7.99678130004675 -0.402446164797287
8.09198107742825 -0.670649478477824
8.18718085480976 -0.935847745807951
8.28238063219127 -1.1955280784198
8.37758040957278 -1.44720250911653
8.47278018695429 -1.68843199856715
8.5679799643358 -1.91685018733632
8.66317974171731 -2.13018666212068
8.75837951909882 -2.32628950813405
8.85357929648033 -2.50314692487686
8.94877907386183 -2.65890768999993
9.04397885124334 -2.79190026557097
9.13917862862485 -2.90065035269082
9.23437840600636 -2.98389671398649
9.32957818338787 -3.04060509890815
9.42477796076938 -3.06998012383947
