0 0 0 0.998889789004571
0.1 0.0997284535061227 0.0049904358101645 0.994074027174537
0.2 0.198493754646239 0.0199135856223576 0.979626741684435
0.3 0.295332751054341 0.0446249765816784 0.955547932534264
0.4 0.389282290364422 0.0788838205966251 0.921837599724025
0.5 0.479379220210477 0.122353014339095 0.878495743253718
0.6 0.564660388226497 0.174599139244386 0.825522363123343
0.7 0.644166957119808 0.235092504661927 0.763241089832755
0.8 0.717107838073492 0.303213407408531 0.694645505505627
0.9 0.782909853473871 0.378276110091515 0.620463778766635
1 0.841014389079757 0.459538795443489 0.540695909615779
1.1 0.890862830649965 0.546203784772944 0.455341898053059
1.2 0.931896563943307 0.637417537964253 0.364401744078475
1.3 0.963556974718598 0.73227065347767 0.267875447692027
1.4 0.985339991151916 0.829798959197677 0.167808349541203
1.5 0.997144643971953 0.929006015441228 0.068418964711451
1.6 0.999050635664591 1.02889793262115 -0.0301648730067624
1.7 0.991138520940985 1.12848887236027 -0.127943163613437
1.8 0.973488854512289 1.22680105175252 -0.224915907108572
1.9 0.946182191089655 1.32286474336293 -0.321083103492169
2 0.909299892476089 1.41571827926315 -0.416323688986753
2.1 0.863094423946756 1.50441326080925 -0.506642558935711
2.2 0.808200005221787 1.58804753237931 -0.590102692899473
2.3 0.745302509899701 1.6657864926337 -0.666704090878039
2.4 0.675087811579019 1.73686412759263 -0.736446752871409
2.5 0.598241783858259 1.80058301063617 -0.799330678879583
2.6 0.515450300335942 1.85631430250423 -0.85535586890256
2.7 0.427410657428276 1.90349792263885 -0.903951182055856
2.8 0.334991070749496 1.94165035689161 -0.942768594703255
2.9 0.239191329850925 1.97038346498143 -0.971554266451652
3 0.141014608822465 1.9894093901908 -0.990308197301047
3.1 0.0414640817540157 1.99854059321125 -0.999030387251441
3.2 -0.058457077264523 1.99768985214327 -0.997720836302832
3.3 -0.157745694143251 1.98687026249634 -0.986379544455221
3.4 -0.255415972969809 1.96619480273451 -0.965527857034844
3.5 -0.350551630542002 1.93587155527753 -0.935687119367933
3.6 -0.442253761835177 1.89619892750207 -0.896857331454489
3.7 -0.529623461824682 1.84756521728728 -0.849038493294512
3.8 -0.611761825485862 1.79044861301475 -0.792230604888002
3.9 -0.687769947794065 1.72541719356854 -0.72643366623496
4 -0.756754054379607 1.65312887702864 -0.652032476458196
4.1 -0.818019825084798 1.57432397801457 -0.572586427443725
4.2 -0.871132037827972 1.48979669727708 -0.488961317217873
4.3 -0.915672786487993 1.40038328591842 -0.40115714578064
4.4 -0.951224164943721 1.30696178565296 -0.309173913132026
4.5 -0.977368267074018 1.21045202880719 -0.213011619272031
4.6 -0.993687186757748 1.11181563831971 -0.112670264200656
4.7 -0.999819303916937 1.01205490202037 -0.0102605745366748
4.8 -0.995818987511401 0.912189550240112 0.0898640760686887
4.9 -0.981927054018943 0.813220825087651 0.187571767201761
5 -0.958385199386792 0.716125803474314 0.282862498862543
5.1 -0.925435119562178 0.621857392716708 0.375736271051033
5.2 -0.883318510492328 0.53134433053672 0.466193083767233
5.3 -0.832277796932274 0.445491181417471 0.554123615841177
5.4 -0.772709910890592 0.365173632148976 0.635920268664052
5.5 -0.705356510465147 0.291208716385479 0.709833903516433
5.6 -0.631005897452989 0.224335570475504 0.775864520398319
5.7 -0.550446373651167 0.16521450058787 0.834012119309711
5.8 -0.46446624085673 0.114426982711691 0.884276700250609
5.9 -0.373853800866729 0.0724756626563766 0.926658263221012
5.99999999999999 -0.279406656128906 0.0397842165418693 0.960691775686227
6.09999999999999 -0.182061574382868 0.0166909936316643 0.984465437225839
6.19999999999999 -0.0828624530854764 0.00343370298367426 0.997772566713319
6.29999999999999 0.0171440545580569 0.00014541589277383 1.00061316414867
6.39999999999999 0.116911295342518 0.00685453833331658 0.99298722953188
6.49999999999999 0.215392616062695 0.0234848109591346 0.974894762862962
6.59999999999999 0.311541363513372 0.0498553091035387 0.946335764141912
6.69999999999999 0.404367744035708 0.0856818642679777 0.90901601975981
6.79999999999999 0.493109402156335 0.13059270049729 0.864641316107741
6.89999999999999 0.577060841948256 0.184144070754954 0.813211653185702
6.99999999999999 0.655516567484476 0.24582167841175 0.754727030993696
7.09999999999999 0.727771082837996 0.315040677245759 0.689187449531721
7.19999999999999 0.793118892081821 0.391145671442359 0.616592908799778
7.29999999999999 0.850854933729235 0.473410719938635 0.536975991819039
7.39999999999999 0.900291035159498 0.561039966633308 0.450638091535346
7.49999999999999 0.940760962986126 0.65317005451708 0.357652519746338
7.59999999999999 0.971599950058588 0.748871127872061 0.258019276452014
7.69999999999999 0.992143229226352 0.847146854265307 0.151738361652375
7.79999999999999 1.00172603333889 0.946934424548822 0.0388097753474207
7.89999999999999 0.999683595245659 1.04710455285956 -0.0807664824628496
7.99999999999999 0.985568494717899 1.14646582355785 -0.198839902212422
8.09999999999999 0.960539641120472 1.24385436381285 -0.298600057921387
8.19999999999999 0.926475905496571 1.33827258904772 -0.379537542741869
8.29999999999999 0.885259554935047 1.42891112441425 -0.441652356673868
8.39999999999999 0.838772856524748 1.51514882177311 -0.484944499717383
8.49999999999999 0.788898077354521 1.59655275969387 -0.509413971872414
