101 0.0158096695072765
101.03125 0.0158492428763782
101.0625 0.0158889649294231
101.09375 0.0159288364117482
101.125 0.015968858073364
101.15625 0.0160090306689896
101.1875 0.0160493549580882
101.21875 0.0160898317049032
101.25 0.0161304616784938
101.28125 0.0161712456527719
101.3125 0.0162121844065386
101.34375 0.0162532787235215
101.375 0.0162945293924119
101.40625 0.0163359372069027
101.4375 0.0163775029657266
101.46875 0.016419227472694
101.5 0.0164611115367326
101.53125 0.0165031559719256
101.5625 0.016545361597552
101.59375 0.0165877292381258
101.625 0.0166302597234364
101.65625 0.0166729538885892
101.6875 0.0167158125740464
101.71875 0.0167588366256683
101.75 0.0168020268947549
101.78125 0.016845384238088
101.8125 0.0168889095179733
101.84375 0.0169326036022836
101.875 0.0169764673645016
101.90625 0.0170205016837636
101.9375 0.0170647074449035
101.96875 0.0171090855384969
102 0.0171536368609062
102.03125 0.0171983623143253
102.0625 0.0172432628068257
102.09375 0.0172883392524018
102.125 0.0173335925710181
102.15625 0.0173790236886553
102.1875 0.017424633537358
102.21875 0.0174704230552821
102.25 0.017516393186743
102.28125 0.0175625448822645
102.3125 0.0176088790986273
102.34375 0.0176553967989186
102.375 0.0177020989525822
102.40625 0.0177489865354688
102.4375 0.0177960605298868
102.46875 0.0178433219246535
102.5 0.0178907717151472
102.53125 0.0179384109033592
102.5625 0.0179862404979465
102.59375 0.0180342615142855
102.625 0.0180824749745252
102.65625 0.0181308819076418
102.6875 0.0181794833494934
102.71875 0.018228280342875
102.75 0.0182772739375747
102.78125 0.0183264651904297
102.8125 0.0183758551653833
102.84375 0.0184254449335423
102.875 0.0184752355732347
102.90625 0.0185252281700683
102.9375 0.0185754238169898
102.96875 0.0186258236143442
103 0.0186764286699352
103.03125 0.0187272400990854
103.0625 0.0187782590246983
103.09375 0.0188294865773195
103.125 0.0188809238951997
103.15625 0.0189325721243571
103.1875 0.0189844324186418
103.21875 0.0190365059397995
103.25 0.0190887938575369
103.28125 0.0191412973495865
103.3125 0.0191940176017734
103.34375 0.0192469558080817
103.375 0.019300113170722
103.40625 0.0193534909001995
103.4375 0.0194070902153826
103.46875 0.0194609123435726
103.5 0.0195149585205733
103.53125 0.0195692299907619
103.5625 0.0196237280071608
103.59375 0.0196784538315091
103.625 0.0197334087343359
103.65625 0.0197885939950335
103.6875 0.0198440109019319
103.71875 0.0198996607523736
103.75 0.0199555448527894
103.78125 0.0200116645187749
103.8125 0.0200680210751675
103.84375 0.0201246158561245
103.875 0.0201814502052018
103.90625 0.0202385254754335
103.9375 0.0202958430294121
103.96875 0.0203534042393694
104 0.0204112104872587
104.03125 0.0204692631648375
104.0625 0.0205275636737507
104.09375 0.0205861134256151
104.125 0.0206449138421048
104.15625 0.0207039663550369
104.1875 0.0207632724064587
104.21875 0.0208228334487353
104.25 0.0208826509446381
104.28125 0.0209427263674347
104.3125 0.0210030612009792
104.34375 0.0210636569398033
104.375 0.0211245150892089
104.40625 0.0211856371653611
104.4375 0.0212470246953823
104.46875 0.0213086792174476
104.5 0.0213706022808805
104.53125 0.02143279544625
104.5625 0.0214952602854688
104.59375 0.021557998381892
104.625 0.0216210113304176
104.65625 0.021684300737587
104.6875 0.0217478682216873
104.71875 0.0218117154128547
104.75 0.0218758439531781
104.78125 0.0219402554968047
104.8125 0.0220049517100465
104.84375 0.0220699342714873
104.875 0.0221352048720915
104.90625 0.0222007652153135
104.9375 0.0222666170172089
104.96875 0.0223327620065459
105 0.0223992019249191
105.03125 0.0224659385268628
105.0625 0.0225329735799673
105.09375 0.0226003088649953
105.125 0.0226679461759993
105.15625 0.0227358873204417
105.1875 0.0228041341193139
105.21875 0.0228726884072592
105.25 0.0229415520326945
105.28125 0.0230107268579354
105.3125 0.0230802147593212
105.34375 0.0231500176273417
105.375 0.0232201373667656
105.40625 0.0232905758967698
105.4375 0.0233613351510703
105.46875 0.0234324170780546
105.5 0.0235038236409151
105.53125 0.0235755568177844
105.5625 0.0236476186018718
105.59375 0.0237200110016013
105.625 0.0237927360407507
105.65625 0.023865795758593
105.6875 0.0239391922100389
105.71875 0.0240129274657803
105.75 0.0240870036124361
105.78125 0.0241614227526995
105.8125 0.0242361870054864
105.84375 0.0243112985060858
105.875 0.0243867594063115
105.90625 0.0244625718746562
105.9375 0.0245387380964463
105.96875 0.0246152602739986
106 0.0246921406267797
106.03125 0.0247693813915655
106.0625 0.0248469848226038
106.09375 0.0249249531917782
106.125 0.0250032887887734
106.15625 0.0250819939212431
106.1875 0.0251610709149789
106.21875 0.0252405221140818
106.25 0.0253203498811354
106.28125 0.0254005565973803
106.3125 0.0254811446628917
106.34375 0.0255621164967579
106.375 0.025643474537261
106.40625 0.0257252212420601
106.4375 0.0258073590883764
106.46875 0.0258898905731793
106.5 0.0259728182133763
106.53125 0.0260561445460039
106.5625 0.0261398721284207
106.59375 0.0262240035385031
106.625 0.0263085413748428
106.65625 0.0263934882569467
106.6875 0.0264788468254394
106.71875 0.0265646197422668
106.75 0.0266508096909038
106.78125 0.0267374193765627
106.8125 0.0268244515264047
106.84375 0.0269119088897541
106.875 0.026999794238314
106.90625 0.0270881103663858
106.9375 0.0271768600910896
106.96875 0.0272660462525885
107 0.0273556717143148
107.03125 0.0274457393631988
107.0625 0.0275362521099002
107.09375 0.027627212889043
107.125 0.0277186246594514
107.15625 0.0278104904043902
107.1875 0.0279028131318069
107.21875 0.0279955958745771
107.25 0.028088841690752
107.28125 0.0281825536638102
107.3125 0.0282767349029109
107.34375 0.028371388543151
107.375 0.0284665177458246
107.40625 0.0285621256986864
107.4375 0.0286582156162172
107.46875 0.028754790739893
107.5 0.0288518543384573
107.53125 0.0289494097081966
107.5625 0.0290474601732188
107.59375 0.0291460090857354
107.625 0.0292450598263466
107.65625 0.0293446158043303
107.6875 0.0294446804579338
107.71875 0.0295452572546695
107.75 0.0296463496916142
107.78125 0.0297479612957113
107.8125 0.0298500956240778
107.84375 0.0299527562643133
107.875 0.0300559468348146
107.90625 0.0301596709850925
107.9375 0.0302639323960933
107.96875 0.0303687347805237
108 0.0304740818831801
108.03125 0.0305799774812817
108.0625 0.0306864253848071
108.09375 0.0307934294368358
108.125 0.0309009935138936
108.15625 0.0310091215263017
108.1875 0.0311178174185308
108.21875 0.031227085169559
108.25 0.0313369287932342
108.28125 0.0314473523386415
108.3125 0.031558359890474
108.34375 0.031669955569409
108.375 0.0317821435324889
108.40625 0.0318949279735061
108.4375 0.0320083131233934
108.46875 0.0321223032506187
108.5 0.032236902661585
108.53125 0.0323521157010351
108.5625 0.0324679467524615
108.59375 0.0325844002385214
108.625 0.0327014806214564
108.65625 0.0328191924035187
108.6875 0.0329375401274011
108.71875 0.0330565283766735
108.75 0.0331761617762246
108.78125 0.0332964449927088
108.8125 0.0334173827349993
108.84375 0.0335389797546469
108.875 0.0336612408463437
108.90625 0.0337841708483941
108.9375 0.0339077746431909
108.96875 0.0340320571576975
109 0.0341570233639365
109.03125 0.0342826782794845
109.0625 0.0344090269679734
109.09375 0.0345360745395974
109.125 0.0346638261516279
109.15625 0.0347922870089332
109.1875 0.034921462364507
109.21875 0.0350513575200017
109.25 0.0351819778262702
109.28125 0.0353133286839139
109.3125 0.0354454155438377
109.34375 0.0355782439078134
109.375 0.0357118193290485
109.40625 0.0358461474127645
109.4375 0.0359812338167813
109.46875 0.03611708425211
109.5 0.0362537044835533
109.53125 0.0363911003303137
109.5625 0.0365292776666098
109.59375 0.0366682424223009
109.625 0.0368080005835198
109.65625 0.0369485581933139
109.6875 0.0370899213522948
109.71875 0.0372320962192967
109.75 0.0373750890120436
109.78125 0.0375189060078252
109.8125 0.0376635535441823
109.84375 0.0378090380196007
109.875 0.0379553658942152
109.90625 0.0381025436905224
109.9375 0.0382505779941039
109.96875 0.0383994754543584
110 0.0385492427852445
110.03125 0.038699886766033
110.0625 0.0388514142420698
110.09375 0.039003832125549
110.125 0.0391571473962969
110.15625 0.0393113671025661
110.1875 0.0394664983618412
110.21875 0.0396225483616549
110.25 0.039779524360416
110.28125 0.0399374336882482
110.3125 0.040096283747841
110.34375 0.040256082015312
110.375 0.0404168360410812
110.40625 0.0405785534507581
110.4375 0.0407412419460398
110.46875 0.0409049093056233
110.5 0.0410695633861289
110.53125 0.0412352121230381
110.5625 0.0414018635316435
110.59375 0.0415695257080123
110.625 0.041738206829964
110.65625 0.0419079151580611
110.6875 0.0420786590366145
110.71875 0.0422504468947025
110.75 0.0424232872472045
110.78125 0.0425971886958503
110.8125 0.0427721599302824
110.84375 0.0429482097291358
110.875 0.0431253469611313
110.90625 0.0433035805861858
110.9375 0.0434829196565378
110.96875 0.0436633733178895
111 0.0438449508105654
111.03125 0.0440276614706874
111.0625 0.0442115147313669
111.09375 0.044396520123915
111.125 0.0445826872790688
111.15625 0.0447700259282375
111.1875 0.044958545904765
111.21875 0.0451482571452117
111.25 0.0453391696906557
111.28125 0.045531293688012
111.3125 0.0457246393913718
111.34375 0.0459192171633615
111.375 0.046115037476522
111.40625 0.0463121109147078
111.4375 0.0465104481745077
111.46875 0.0467100600666861
111.5 0.0469109575176458
111.53125 0.0471131515709134
111.5625 0.0473166533886458
111.59375 0.0475214742531604
111.625 0.0477276255684876
111.65625 0.0479351188619472
111.6875 0.0481439657857482
111.71875 0.048354178118613
111.75 0.0485657677674267
111.78125 0.0487787467689106
111.8125 0.048993127291322
111.84375 0.0492089216361792
111.875 0.0494261422400142
111.90625 0.0496448016761504
111.9375 0.0498649126565097
111.96875 0.0500864880334455
112 0.0503095408016056
112.03125 0.0505340840998228
112.0625 0.0507601312130358
112.09375 0.0509876955742389
112.125 0.0512167907664626
112.15625 0.0514474305247858
112.1875 0.051679628738378
112.21875 0.0519133994525747
112.25 0.052148756870985
112.28125 0.0523857153576325
112.3125 0.0526242894391299
112.34375 0.0528644938068876
112.375 0.0531063433193585
112.40625 0.0533498530043171
112.4375 0.0535950380611758
112.46875 0.0538419138633378
112.5 0.0540904959605876
112.53125 0.05434080008152
112.5625 0.0545928421360084
112.59375 0.054846638217712
112.625 0.0551022046066242
112.65625 0.0553595577716623
112.6875 0.0556187143732984
112.71875 0.0558796912662341
112.75 0.0561425055021181
112.78125 0.0564071743323078
112.8125 0.0566737152106776
112.84375 0.0569421457964714
112.875 0.0572124839572032
112.90625 0.0574847477716055
112.9375 0.0577589555326253
112.96875 0.0580351257504712
113 0.0583132771557099
113.03125 0.0585934287024149
113.0625 0.0588755995713672
113.09375 0.0591598091733097
113.125 0.0594460771522562
113.15625 0.059734423388856
113.1875 0.0600248680038147
113.21875 0.060317431361373
113.25 0.0606121340728448
113.28125 0.0609089970002141
113.3125 0.0612080412597938
113.34375 0.0615092882259474
113.375 0.0618127595348724
113.40625 0.0621184770884503
113.4375 0.0624264630581619
113.46875 0.0627367398890693
113.5 0.0630493303038678
113.53125 0.0633642573070067
113.5625 0.0636815441888821
113.59375 0.064001214530102
113.625 0.0643232922058264
113.65625 0.0646478013901821
113.6875 0.0649747665607556
113.71875 0.0653042125031642
113.75 0.0656361643157076
113.78125 0.0659706474141016
113.8125 0.0663076875362951
113.84375 0.0666473107473728
113.875 0.0669895434445443
113.90625 0.0673344123622227
113.9375 0.0676819445771933
113.96875 0.0680321675138746
114 0.0683851089496743
114.03125 0.0687407970204408
114.0625 0.0690992602260131
114.09375 0.0694605274358717
114.125 0.0698246278948905
114.15625 0.070191591229194
114.1875 0.0705614474521213
114.21875 0.070934226970298
114.25 0.0713099605898202
114.28125 0.0716886795225509
114.3125 0.0720704153925333
114.34375 0.0724552002425212
114.375 0.0728430665406308
114.40625 0.0732340471871158
114.4375 0.0736281755212678
114.46875 0.0740254853284456
114.5 0.0744260108472359
114.53125 0.0748297867767478
114.5625 0.0752368482840446
114.59375 0.0756472310117146
114.625 0.0760609710855859
114.65625 0.0764781051225866
114.6875 0.0768986702387539
114.71875 0.0773227040573963
114.75 0.0777502447174102
114.78125 0.0781813308817572
114.8125 0.0786160017461024
114.84375 0.0790542970476198
114.875 0.0794962570739668
114.90625 0.0799419226724327
114.9375 0.0803913352592639
114.96875 0.0808445368291711
115 0.0813015699650206
115.03125 0.0817624778477166
115.0625 0.0822273042662754
115.09375 0.0826960936280987
115.125 0.0831688909694485
115.15625 0.0836457419661297
115.1875 0.0841266929443838
115.21875 0.0846117908919987
115.25 0.0851010834696406
115.28125 0.0855946190224117
115.3125 0.0860924465916389
115.34375 0.0865946159269009
115.375 0.0871011774982952
115.40625 0.0876121825089553
115.4375 0.0881276829078193
115.46875 0.0886477314026596
115.5 0.0891723814733762
115.53125 0.0897016873855637
115.5625 0.090235704204354
115.59375 0.0907744878085448
115.625 0.0913180949050191
115.65625 0.0918665830434616
115.6875 0.0924200106313809
115.71875 0.0929784369494442
115.75 0.0935419221671301
115.78125 0.09411052735871
115.8125 0.0946843145195639
115.84375 0.0952633465828391
115.875 0.0958476874364601
115.90625 0.0964374019404986
115.9375 0.097032555944911
115.96875 0.0976332163076544
116 0.0982394509131879
116.03125 0.09885132869137
116.0625 0.0994689196367624
116.09375 0.100092294828348
116.125 0.100721526449674
116.15625 0.101356687809436
116.1875 0.101997853362501
116.21875 0.102645098731393
116.25 0.103298500728253
116.28125 0.103958137377266
116.3125 0.104624087937598
116.34375 0.105296432926827
116.375 0.105975254144893
116.40625 0.106660634698587
116.4375 0.107352659026576
116.46875 0.108051412924993
116.5 0.108756983573593
116.53125 0.109469459562505
116.5625 0.110188930919581
116.59375 0.110915489138359
116.625 0.111649227206674
116.65625 0.112390239635902
116.6875 0.113138622490885
116.71875 0.113894473420531
116.75 0.114657891689124
116.78125 0.115428978208349
116.8125 0.116207835570061
116.84375 0.116994568079808
116.875 0.117789281791141
116.90625 0.118592084540718
116.9375 0.119403085984229
116.96875 0.120222397633172
117 0.121050132892482
117.03125 0.12188640709906
117.0625 0.122731337561211
117.09375 0.123585043599022
117.125 0.124447646585696
117.15625 0.125319269989884
117.1875 0.126200039419028
117.21875 0.127090082663753
117.25 0.127989529743326
117.28125 0.128898512952219
117.3125 0.12981716690781
117.34375 0.130745628599242
117.375 0.131684037437483
117.40625 0.132632535306614
117.4375 0.133591266616379
117.46875 0.134560378356047
117.5 0.135540020149591
117.53125 0.136530344312265
117.5625 0.137531505908575
117.59375 0.138543662811715
117.625 0.139566975764497
117.65625 0.140601608441816
117.6875 0.141647727514703
117.71875 0.142705502716004
117.75 0.143775106907733
117.78125 0.144856716150153
117.8125 0.145950509772629
117.84375 0.147056670446312
117.875 0.148175384258699
117.90625 0.149306840790131
117.9375 0.150451233192283
117.96875 0.15160875826871
118 0.152779616557505
118.03125 0.153964012416128
118.0625 0.155162154108488
118.09375 0.156374253894325
118.125 0.157600528120979
118.15625 0.158841197317603
118.1875 0.16009648629191
118.21875 0.161366624229516
118.25 0.162651844795974
118.28125 0.163952386241565
118.3125 0.165268491508948
118.34375 0.166600408343745
118.375 0.167948389408158
118.40625 0.16931269239771
118.4375 0.170693580161214
118.46875 0.17209132082406
118.5 0.173506187914934
118.53125 0.174938460496082
118.5625 0.176388423297211
118.59375 0.177856366853168
118.625 0.179342587645506
118.65625 0.180847388248055
118.6875 0.182371077476642
118.71875 0.183913970543085
118.75 0.185476389213601
118.78125 0.187058661971779
118.8125 0.188661124186248
118.84375 0.190284118283225
118.875 0.191927993924073
118.90625 0.193593108188058
118.9375 0.195279825760463
118.96875 0.196988519126244
119 0.198719568769419
119.03125 0.200473363378366
119.0625 0.202250300057251
119.09375 0.204050784543777
119.125 0.205875231433475
119.15625 0.207724064410763
119.1875 0.209597716487002
119.21875 0.211496630245788
119.25 0.213421258095733
119.28125 0.215372062530999
119.3125 0.217349516399838
119.34375 0.219354103181444
119.375 0.221386317271385
119.40625 0.223446664275932
119.4375 0.225535661315588
119.46875 0.227653837338162
119.5 0.229801733441704
119.53125 0.231979903207674
119.5625 0.234188913044705
119.59375 0.236429342543343
119.625 0.23870178484216
119.65625 0.241006847005657
119.6875 0.243345150414385
119.71875 0.245717331167737
119.75 0.248124040499868
119.78125 0.250565945209242
119.8125 0.253043728102296
119.84375 0.255558088451763
119.875 0.258109742470192
119.90625 0.26069942379924
119.9375 0.263327884015331
119.96875 0.265995893152302
120 0.268704240241688
120.03125 0.271453733871301
120.0625 0.274245202762839
120.09375 0.277079496369217
120.125 0.279957485492422
120.15625 0.282880062922659
120.1875 0.285848144099638
120.21875 0.288862667796862
120.25 0.291924596829818
120.28125 0.295034918789027
120.3125 0.298194646798921
120.34375 0.301404820303599
120.375 0.304666505880514
120.40625 0.30798079808323
120.4375 0.311348820314418
120.46875 0.314771725730311
120.5 0.318250698177904
120.53125 0.321786953166236
120.5625 0.325381738873149
120.59375 0.329036337188992
120.625 0.332752064798799
120.65625 0.336530274304527
120.6875 0.34037235538905
120.71875 0.344279736023637
120.75 0.348253883720753
120.78125 0.35229630683411
120.8125 0.35640855590795
120.84375 0.36059222507768
120.875 0.364848953524052
120.90625 0.369180426983184
120.9375 0.37358837931484
120.96875 0.378074594131492
121 0.382640906490814
121.03125 0.387289204654376
121.0625 0.392021431915451
121.09375 0.39683958849898
121.125 0.401745733536884
121.15625 0.406741987122091
121.1875 0.411830532444766
121.21875 0.417013618014456
121.25 0.422293559971998
121.28125 0.427672744495257
121.3125 0.433153630302953
121.34375 0.43873875126104
121.375 0.444430719096334
121.40625 0.450232226222321
121.4375 0.456146048682304
121.46875 0.46217504921534
121.5 0.468322180450664
121.53125 0.474590488236595
121.5625 0.480983115110226
121.59375 0.48750330391452
121.625 0.494154401569768
121.65625 0.500939863006713
121.6875 0.507863255269039
121.71875 0.514928261793299
121.75 0.522138686874781
121.78125 0.529498460328241
121.8125 0.537011642352912
121.84375 0.544682428611655
121.875 0.552515155534659
121.90625 0.560514305858608
121.9375 0.568684514412839
121.96875 0.577030574164563
122 0.585557442535894
122.03125 0.594270248006076
122.0625 0.603174297012985
122.09375 0.61227508116874
122.125 0.621578284805009
122.15625 0.631089792864416
122.1875 0.640815699155307
122.21875 0.650762314988027
122.25 0.660936178211797
122.28125 0.671344062672281
122.3125 0.681992988110949
122.34375 0.69289023052844
122.375 0.704043333035264
122.40625 0.71546011721437
122.4375 0.727148695021342
122.46875 0.739117481249302
122.5 0.751375206586933
122.53125 0.763930931299466
122.5625 0.776794059563918
122.59375 0.78997435449142
122.625 0.803481953871027
122.65625 0.817327386671056
122.6875 0.83152159033567
122.71875 0.846075928916159
122.75 0.861002212078158
122.78125 0.876312715027849
122.8125 0.892020199402023
122.84375 0.908137935168798
122.875 0.92467972358759
122.90625 0.941659921278897
122.9375 0.959093465456238
122.96875 0.976995900374446
123 0.995383405050266
123.03125 1.01427282231285
123.0625 1.03368168924332
123.09375 1.05362826906383
123.125 1.07413158453794
123.15625 1.09521145294469
123.1875 1.1168885226897
123.21875 1.13918431161631
123.25 1.16212124707998
123.28125 1.18572270784773
123.3125 1.21001306788307
123.34375 1.23501774207424
123.375 1.26076323396002
123.40625 1.28727718550284
123.4375 1.31458842895257
123.46875 1.34272704083673
123.5 1.37172439810315
123.53125 1.40161323642909
123.5625 1.43242771069624
123.59375 1.46420345761339
123.625 1.49697766044728
123.65625 1.53078911579681
123.6875 1.56567830231584
123.71875 1.60168745125396
123.75 1.63886061864295
123.78125 1.67724375890743
123.8125 1.71688479962039
123.84375 1.75783371705773
123.875 1.80014261212721
123.90625 1.84386578615711
123.9375 1.88905981592485
123.96875 1.93578362718465
124 1.98409856581369
124.03125 2.03406846553603
124.0625 2.08575971099899
124.09375 2.13924129476631
124.125 2.19458486655151
124.15625 2.25186477274066
124.1875 2.31115808394233
124.21875 2.3725446079491
124.25 2.43610688509618
124.28125 2.50193016255295
124.3125 2.57010234357883
124.34375 2.64071390721052
124.375 2.71385779321952
124.40625 2.7896292464826
124.4375 2.86812561414135
124.46875 2.94944608808663
124.5 3.03369138439207
124.53125 3.12096335033719
124.5625 3.21136448861376
124.59375 3.30499738720622
124.625 3.40196404229634
124.65625 3.50236506038428
124.6875 3.60629872467694
124.71875 3.71385990971116
124.75 3.8251388272111
124.78125 3.94021958539891
124.8125 4.05917854347603
124.84375 4.18208244288451
124.875 4.3089862973798
124.90625 4.43993102506666
124.9375 4.57494080756065
124.96875 4.71402016456511
125 4.85715073664753
125.03125 5.00428777513715
125.0625 5.15535634613424
125.09375 5.31024726591437
125.125 5.46881279779643
125.15625 5.63086215604641
125.1875 5.79615688074663
125.21875 5.96440616877913
125.25 6.13526226996873
125.28125 6.30831608357056
125.3125 6.4830931179111
125.34375 6.65905000395439
125.375 6.83557178027668
125.40625 7.011970190324
125.4375 7.18748325035962
125.46875 7.36127635523274
125.5 7.53244518579209
125.53125 7.7000206631548
125.5625 7.86297615811342
125.59375 8.02023710638843
125.625 8.17069310102132
125.65625 8.31321243240509
125.6875 8.44665892680095
125.71875 8.5699108006292
125.75 8.68188110777493
125.78125 8.78153922030844
125.8125 8.86793266075355
125.84375 8.94020850841962
125.875 8.9976335448465
125.90625 9.0396122935675
125.9375 9.0657021531857
125.96875 9.07562492156381
126 9.06927415882975
126.03125 9.04671802867276
126.0625 9.00819747724842
126.09375 8.95411983996001
126.125 8.88504819019678
126.15625 8.8016869433686
126.1875 8.70486438964326
126.21875 8.59551293934848
126.25 8.47464792093713
126.28125 8.34334577298308
126.3125 8.2027224239584
126.34375 8.05391256536798
126.375 7.89805040636876
126.40625 7.73625236334546
126.4375 7.56960199767058
126.46875 7.39913737916941
126.5 7.22584092959579
126.53125 7.05063169518769
126.5625 6.87435991315632
126.59375 6.69780367464191
126.625 6.52166744537374
126.65625 6.34658218287634
126.6875 6.17310678267066
126.71875 6.00173059228251
126.75 5.8328767477327
126.78125 5.66690610952111
126.8125 5.50412160129293
126.84375 5.34477278221594
126.875 5.18906051190919
126.90625 5.03714159330635
126.9375 4.88913330327418
126.96875 4.74511774263674
127 4.60514595624826
127.03125 4.46924178987882
127.0625 4.33740546404375
127.09375 4.20961685572508
127.125 4.08583848746692
127.15625 3.96601822986286
127.1875 3.85009172828485
127.21875 3.73798456810798
127.25 3.62961419492167
127.28125 3.52489160751565
127.3125 3.42372284198948
127.34375 3.32601026533026
127.375 3.23165369637695
127.40625 3.14055137136248
127.4375 3.05260077029083
127.46875 2.96769931934305
127.5 2.88574498337326
127.53125 2.80663676139859
127.5625 2.73027509684008
127.59375 2.65656221315894
127.625 2.5854023844723
127.65625 2.51670214973463
127.6875 2.45037047814288
127.71875 2.38631889256772
127.75 2.32446155703035
127.78125 2.26471533353304
127.8125 2.20699981290868
127.84375 2.15123732377669
127.875 2.09735292317536
127.90625 2.04527437197945
127.9375 1.99493209780211
127.96875 1.94625914771732
128 1.8991911328188
128.03125 1.85366616634897
128.0625 1.8096247968842
128.09375 1.76700993784518
128.125 1.72576679441168
128.15625 1.68584278875568
128.1875 1.64718748436259
128.21875 1.60975251008548
128.25 1.5734914844691
128.28125 1.53835994078653
128.3125 1.50431525315092
128.34375 1.47131656399531
128.375 1.43932471315397
128.40625 1.40830216872765
128.4375 1.37821295987203
128.46875 1.34902261161146
128.5 1.32069808174892
128.53125 1.29320769991701
128.5625 1.26652110879236
128.59375 1.24060920747783
128.625 1.2154440970412
128.65625 1.19099902818707
128.6875 1.16724835102789
128.71875 1.14416746691248
128.75 1.12173278226347
128.78125 1.09992166437026
128.8125 1.07871239908052
128.84375 1.05808415033009
128.875 1.03801692144987
128.90625 1.01849151818662
128.9375 0.999489513374746
128.96875 0.980993213195548
129 0.962985624961481
129.03125 0.945450426363383
129.0625 0.928371936119948
129.09375 0.911735085969962
129.125 0.895525393949353
129.15625 0.879728938896747
129.1875 0.864332336132929
129.21875 0.849322714261455
129.25 0.834687693039471
129.28125 0.82041536226969
129.3125 0.806494261666365
129.34375 0.792913361649934
129.375 0.779662045026904
129.40625 0.76673008951334
129.4375 0.754107651062119
129.46875 0.741785247955842
129.5 0.729753745629021
129.53125 0.718004342184756
129.5625 0.706528554572762
129.59375 0.695318205397089
129.625 0.684365410323413
129.65625 0.67366256605714
129.6875 0.663202338864985
129.71875 0.652977653613969
129.75 0.642981683303029
129.78125 0.633207839063669
129.8125 0.623649760607181
129.84375 0.614301307097101
129.875 0.605156548426605
129.90625 0.596209756881511
129.9375 0.587455399170559
129.96875 0.57888812880551
130 0.570502778814467
130.03125 0.562294354772663
130.0625 0.554258028135724
130.09375 0.546389129861157
130.125 0.538683144304525
130.15625 0.531135703377442
130.1875 0.523742580955151
130.21875 0.516499687522045
130.25 0.509403065044104
130.28125 0.502448882057699
130.3125 0.495633428964812
130.34375 0.488953113525133
130.375 0.482404456536036
130.40625 0.475984087691812
130.4375 0.46968874161401
130.46875 0.4635152540451
130.5 0.457460558198084
130.53125 0.451521681254991
130.5625 0.4456957410076
130.59375 0.439979942633994
130.625 0.434371575604898
130.65625 0.428868010714026
130.6875 0.423466697226957
130.71875 0.418165160143283
130.75 0.412960997567087
130.78125 0.407851878180973
130.8125 0.402835538819154
130.84375 0.397909782135283
130.875 0.39307247436093
130.90625 0.388321543150797
130.9375 0.383654975510939
130.96875 0.379070815806456
131 0.374567163845248
131.03125 0.370142173034628
131.0625 0.365794048607696
131.09375 0.361521045916545
131.125 0.357321468789496
131.15625 0.353193667949684
131.1875 0.349136039492447
131.21875 0.345147023419086
131.25 0.341225102224655
131.28125 0.337368799537576
131.3125 0.333576678808956
131.34375 0.329847342049567
131.375 0.326179428612573
131.40625 0.322571614020136
131.4375 0.31902260883215
131.46875 0.315531157555403
131.5 0.312096037591555
131.53125 0.308716058222387
131.5625 0.305390059630852
131.59375 0.3021169119565
131.625 0.298895514383943
131.65625 0.295724794263056
131.6875 0.292603706259678
131.71875 0.289531231535637
131.75 0.28650637695695
131.78125 0.283528174329132
131.8125 0.280595679658563
131.84375 0.277707972438908
131.875 0.274864154961666
131.90625 0.272063351649903
131.9375 0.269304708414311
131.96875 0.266587392030749
132 0.263910589538468
132.03125 0.261273507658235
132.0625 0.258675372229633
132.09375 0.256115427666816
132.125 0.253592936432044
132.15625 0.251107178526347
132.1875 0.24865745099669
132.21875 0.246243067459037
132.25 0.243863357636736
132.28125 0.241517666913682
132.3125 0.239205355901714
132.34375 0.23692580002174
132.375 0.234678389098106
132.40625 0.232462526965726
132.4375 0.230277631089537
132.46875 0.228123132195827
132.5 0.225998473915036
132.53125 0.22390311243561
132.5625 0.221836516168542
132.59375 0.219798165422216
132.625 0.217787552087194
132.65625 0.215804179330626
132.6875 0.21384756129992
132.71875 0.211917222835385
132.75 0.21001269919152
132.78125 0.20813353576667
132.8125 0.206279287840761
132.84375 0.204449520320833
132.875 0.202643807494128
132.90625 0.200861732788464
132.9375 0.199102888539658
132.96875 0.197366875765773
133 0.195653303947943
133.03125 0.193961790817581
133.0625 0.192291962149745
133.09375 0.190643451562474
133.125 0.189015900321887
133.15625 0.187408957152864
133.1875 0.185822278055129
133.21875 0.184255526124565
133.25 0.182708371379581
133.28125 0.181180490592382
133.3125 0.179671567124978
133.34375 0.178181290769786
133.375 0.176709357594681
133.40625 0.175255469792347
133.4375 0.173819335533804
133.46875 0.172400668825973
133.5 0.170999189373159
133.53125 0.169614622442323
133.5625 0.168246698732032
133.59375 0.166895154244974
133.625 0.165559730163918
133.65625 0.164240172731033
133.6875 0.162936233130443
133.71875 0.161647667373931
133.75 0.160374236189695
133.78125 0.159115704914066
133.8125 0.157871843386091
133.84375 0.156642425844905
133.875 0.155427230829797
133.90625 0.154226041082909
133.9375 0.153038643454463
133.96875 0.151864828810468
134 0.150704391942818
134.03125 0.149557131481708
134.0625 0.148422849810321
134.09375 0.147301352981693
134.125 0.146192450637711
134.15625 0.145095955930177
134.1875 0.144011685443876
134.21875 0.142939459121597
134.25 0.141879100191037
134.28125 0.140830435093557
134.3125 0.13979329341471
134.34375 0.138767507816518
134.375 0.137752913971424
134.40625 0.136749350497888
134.4375 0.135756658897579
134.46875 0.134774683494109
134.5 0.133803271373274
134.53125 0.132842272324761
134.5625 0.131891538785274
134.59375 0.130950925783047
134.625 0.130020290883697
134.65625 0.129099494137389
134.6875 0.128188398027273
134.71875 0.127286867419159
134.75 0.126394769512394
134.78125 0.125511973791912
134.8125 0.124638351981424
134.84375 0.123773777997714
134.875 0.122918127906023
134.90625 0.12207127987647
134.9375 0.121233114141507
134.96875 0.120403512954364
135 0.119582360548464
135.03125 0.118769543097779
135.0625 0.117964948678109
135.09375 0.117168467229251
135.125 0.116379990518042
135.15625 0.115599412102245
135.1875 0.114826627295268
135.21875 0.114061533131684
135.25 0.113304028333535
135.28125 0.112554013277396
135.3125 0.111811389962194
135.34375 0.111076061977738
135.375 0.110347934473965
135.40625 0.109626914130873
135.4375 0.108912909129121
135.46875 0.108205829121287
135.5 0.107505585203761
135.53125 0.106812089889261
135.5625 0.106125257079958
135.59375 0.10544500204118
135.625 0.104771241375708
135.65625 0.104103892998623
135.6875 0.103442876112702
135.71875 0.102788111184352
135.75 0.102139519920062
135.78125 0.101497025243363
135.8125 0.100860551272288
135.84375 0.100230023297311
135.875 0.0996053677597565
135.90625 0.098986512230679
135.9375 0.0983733853901802
135.96875 0.0977659170071718
136 0.0971640379195644
136.03125 0.0965676800148737
136.0625 0.0959767762112347
136.09375 0.0953912604388139
136.125 0.0948110676216099
136.15625 0.094236133659633
136.1875 0.0936663954114558
136.21875 0.0931017906771247
136.25 0.0925422581814243
136.28125 0.0919877375574875
136.3125 0.0914381693307415
136.34375 0.0908934949031828
136.375 0.0903536565379735
136.40625 0.0898185973443516
136.4375 0.0892882612628472
136.46875 0.0887625930507989
136.5 0.088241538268162
136.53125 0.0877250432636031
136.5625 0.0872130551608736
136.59375 0.0867055218454564
136.625 0.0862023919514793
136.65625 0.0857036148488887
136.6875 0.085209140630879
136.71875 0.0847189201015695
136.75 0.0842329047639264
136.78125 0.0837510468079217
136.8125 0.0832732990989248
136.84375 0.0827996151663222
136.875 0.0823299491923589
136.90625 0.0818642560011973
136.9375 0.0814024910481895
136.96875 0.0809446104093564
137 0.0804905707710709
137.03125 0.0800403294199402
137.0625 0.0795938442328815
137.09375 0.0791510736673897
137.125 0.0787119767519894
137.15625 0.0782765130768705
137.1875 0.0778446427847012
137.21875 0.0774163265616152
137.25 0.0769915256283702
137.28125 0.0765702017316723
137.3125 0.0761523171356642
137.34375 0.0757378346135737
137.375 0.0753267174395175
137.40625 0.0749189293804589
137.4375 0.0745144346883149
137.46875 0.0741131980922105
137.5 0.0737151847908756
137.53125 0.0733203604451835
137.5625 0.0729286911708262
137.59375 0.0725401435311245
137.625 0.0721546845299707
137.65625 0.0717722816048993
137.6875 0.0713929026202848
137.71875 0.0710165158606636
137.75 0.0706430900241763
137.78125 0.0702725942161295
137.8125 0.0699049979426738
137.84375 0.0695402711045951
137.875 0.0691783839912183
137.90625 0.0688193072744201
137.9375 0.0684630120027483
137.96875 0.0681094695956469
138 0.0677586518377832
138.03125 0.067410530873476
138.0625 0.0670650792012227
138.09375 0.0667222696683221
138.125 0.0663820754655934
138.15625 0.0660444701221865
138.1875 0.0657094275004846
138.21875 0.065376921791095
138.25 0.0650469275079279
138.28125 0.0647194194833604
138.3125 0.0643943728634851
138.34375 0.0640717631034402
138.375 0.0637515659628211
138.40625 0.0634337575011702
138.4375 0.0631183140735454
138.46875 0.0628052123261633
138.5 0.0624944291921182
138.53125 0.0621859418871734
138.5625 0.0618797279056243
138.59375 0.0615757650162322
138.625 0.0612740312582265
138.65625 0.0609745049373749
138.6875 0.0606771646221195
138.71875 0.0603819891397786
138.75 0.0600889575728114
138.78125 0.0597980492551463
138.8125 0.0595092437685692
138.84375 0.0592225209391737
138.875 0.058937860833869
138.90625 0.0586552437569462
138.9375 0.0583746502467016
138.96875 0.0580960610721158
139 0.0578194572295874
139.03125 0.05754481993972
139.0625 0.0572721306441629
139.09375 0.0570013710025025
139.125 0.0567325228892055
139.15625 0.0564655683906103
139.1875 0.0562004898019695
139.21875 0.0559372696245383
139.25 0.0556758905627113
139.28125 0.0554163355212051
139.3125 0.0551585876022862
139.34375 0.0549026301030439
139.375 0.0546484465127062
139.40625 0.054396020509999
139.4375 0.0541453359605483
139.46875 0.0538963769143218
139.5 0.0536491276031136
139.53125 0.0534035724380665
139.5625 0.0531596960072352
139.59375 0.0529174830731872
139.625 0.0526769185706412
139.65625 0.0524379876041438
139.6875 0.052200675445781
139.71875 0.0519649675329273
139.75 0.0517308494660281
139.78125 0.0514983070064183
139.8125 0.0512673260741738
139.84375 0.0510378927459967
139.875 0.0508099932531328
139.90625 0.0505836139793225
139.9375 0.0503587414587812
139.96875 0.0501353623742131
140 0.0499134635548536
140.03125 0.0496930319745427
140.0625 0.0494740547498275
140.09375 0.0492565191380937
140.125 0.0490404125357254
140.15625 0.0488257224762931
140.1875 0.048612436628769
140.21875 0.048400542795769
140.25 0.048190028911822
140.28125 0.0479808830416641
140.3125 0.0477730933785597
140.34375 0.0475666482426465
140.375 0.0473615360793065
140.40625 0.0471577454575604
140.4375 0.0469552650684861
140.46875 0.046754083723661
140.5 0.0465541903536273
140.53125 0.0463555740063798
140.5625 0.046158223845876
140.59375 0.045962129150569
140.625 0.0457672793119604
140.65625 0.0455736638331762
140.6875 0.0453812723275623
140.71875 0.045190094517301
140.75 0.0450001202320477
140.78125 0.0448113394075874
140.8125 0.0446237420845108
140.84375 0.0444373184069092
140.875 0.044252058621089
140.90625 0.0440679530743041
140.9375 0.0438849922135068
140.96875 0.043703166584117
141 0.0435224668288084
141.03125 0.0433428836863125
141.0625 0.0431644079902399
141.09375 0.0429870306679178
141.125 0.0428107427392449
141.15625 0.0426355353155614
141.1875 0.0424613995985363
141.21875 0.0422883268790694
141.25 0.0421163085362099
141.28125 0.0419453360360887
141.3125 0.0417754009308674
141.34375 0.041606494857701
141.375 0.0414386095377152
141.40625 0.0412717367749985
141.4375 0.0411058684556082
141.46875 0.0409409965465897
141.5 0.0407771130950102
141.53125 0.0406142102270055
141.5625 0.0404522801468396
141.59375 0.0402913151359782
141.625 0.040131307552174
141.65625 0.0399722498285654
141.6875 0.039814134472787
141.71875 0.0396569540660925
141.75 0.03950070126249
141.78125 0.0393453687878882
141.8125 0.0391909494392554
141.84375 0.0390374360837887
141.875 0.0388848216580957
141.90625 0.0387330991673863
141.9375 0.0385822616846762
141.96875 0.0384323023500006
142 0.0382832143696385
142.03125 0.0381349910153483
142.0625 0.0379876256236122
142.09375 0.0378411115948923
142.125 0.0376954423928951
142.15625 0.0375506115438476
142.1875 0.037406612635781
142.21875 0.0372634393178257
142.25 0.0371210852995149
142.28125 0.0369795443500969
142.3125 0.036838810297858
142.34375 0.0366988770294525
142.375 0.0365597384892431
142.40625 0.0364213886786489
142.4375 0.0362838216555027
142.46875 0.0361470315334162
142.5 0.0360110124811537
142.53125 0.0358757587220142
142.5625 0.0357412645332211
142.59375 0.0356075242453202
142.625 0.0354745322415854
142.65625 0.035342282957432
142.6875 0.035210770879838
142.71875 0.0350799905467719
142.75 0.0349499365466294
142.78125 0.0348206035176757
142.8125 0.0346919861474965
142.84375 0.0345640791724546
142.875 0.0344368773771545
142.90625 0.0343103755939135
142.9375 0.0341845687022393
142.96875 0.0340594516283149
143 0.0339350193444891
143.03125 0.0338112668687744
143.0625 0.0336881892643506
143.09375 0.033565781639075
143.125 0.0334440391449987
143.15625 0.033322956977889
143.1875 0.0332025303767577
143.21875 0.0330827546233954
143.25 0.032963625041912
143.28125 0.0328451369982818
143.3125 0.032727285899896
143.34375 0.0326100671951191
143.375 0.0324934763728521
143.40625 0.0323775089620999
143.4375 0.0322621605315457
143.46875 0.0321474266891286
143.5 0.0320333030816286
143.53125 0.0319197853942547
143.5625 0.0318068693502397
143.59375 0.0316945507104389
143.625 0.0315828252729344
143.65625 0.0314716888726434
143.6875 0.0313611373809326
143.71875 0.031251166705236
143.75 0.0311417727886781
143.78125 0.0310329516097015
143.8125 0.0309246991816987
143.84375 0.0308170115526493
143.875 0.0307098848047603
143.90625 0.0306033150541117
143.9375 0.0304972984503061
143.96875 0.0303918311761225
144 0.0302869094471739
144.03125 0.0301825295115699
144.0625 0.0300786876495824
144.09375 0.0299753801733158
144.125 0.0298726034263811
144.15625 0.0297703537835735
144.1875 0.0296686276505548
144.21875 0.0295674214635381
144.25 0.0294667316889775
144.28125 0.0293665548232613
144.3125 0.0292668873924078
144.34375 0.029167725951766
144.375 0.0290690670857192
144.40625 0.0289709074073919
144.4375 0.0288732435583606
144.46875 0.0287760722083677
144.5 0.0286793900550387
144.53125 0.0285831938236031
144.5625 0.028487480266618
144.59375 0.0283922461636954
144.625 0.0282974883212322
144.65625 0.0282032035721438
144.6875 0.0281093887756007
144.71875 0.0280160408167674
144.75 0.0279231566065459
144.78125 0.0278307330813203
144.8125 0.0277387672027057
144.84375 0.0276472559572994
144.875 0.0275561963564351
144.90625 0.0274655854359399
144.9375 0.0273754202558939
144.96875 0.0272856979003928
145 0.0271964154773134
145.03125 0.0271075701180807
145.0625 0.0270191589774395
145.09375 0.0269311792332265
145.125 0.0268436280861466
145.15625 0.0267565027595509
145.1875 0.0266698004992175
145.21875 0.0265835185731346
145.25 0.0264976542712863
145.28125 0.0264122049054404
145.3125 0.0263271678089391
145.34375 0.0262425403364915
145.375 0.0261583198639687
145.40625 0.0260745037882017
145.4375 0.02599108952678
145.46875 0.0259080745178545
145.5 0.0258254562199409
145.53125 0.0257432321117262
145.5625 0.0256613996918769
145.59375 0.0255799564788497
145.625 0.0254989000107039
145.65625 0.0254182278449163
145.6875 0.0253379375581974
145.71875 0.0252580267463107
145.75 0.0251784930238931
145.78125 0.0250993340242774
145.8125 0.0250205473993172
145.84375 0.0249421308192132
145.875 0.0248640819723417
145.90625 0.0247863985650849
145.9375 0.0247090783216628
145.96875 0.0246321189839675
146 0.0245555183113985
146.03125 0.0244792740807007
146.0625 0.0244033840858032
146.09375 0.0243278461376605
146.125 0.0242526580640953
146.15625 0.024177817709643
146.1875 0.0241033229353971
146.21875 0.0240291716188579
146.25 0.0239553616537812
146.28125 0.0238818909500294
146.3125 0.023808757433424
146.34375 0.0237359590456001
146.375 0.0236634937438615
146.40625 0.0235913595010384
146.4375 0.0235195543053457
146.46875 0.0234480761602438
146.5 0.0233769230842995
146.53125 0.02330609311105
146.5625 0.0232355842888669
146.59375 0.0231653946808223
146.625 0.0230955223645568
146.65625 0.0230259654321474
146.6875 0.0229567219899784
146.71875 0.0228877901586129
146.75 0.0228191680726653
146.78125 0.022750853880676
146.8125 0.0226828457449864
146.84375 0.0226151418416165
146.875 0.0225477403601421
146.90625 0.022480639503575
146.9375 0.022413837488243
146.96875 0.0223473325436722
147 0.0222811229124699
147.03125 0.0222152068502088
147.0625 0.0221495826253125
147.09375 0.0220842485189425
147.125 0.0220192028248854
147.15625 0.0219544438494424
147.1875 0.0218899699113192
147.21875 0.0218257793415173
147.25 0.0217618704832261
147.28125 0.0216982416917166
147.3125 0.021634891334236
147.34375 0.0215718177899027
147.375 0.0215090194496039
147.40625 0.0214464947158925
147.4375 0.021384242002886
147.46875 0.0213222597361666
147.5 0.0212605463526817
147.53125 0.0211991003006456
147.5625 0.0211379200394424
147.59375 0.0210770040395298
147.625 0.0210163507823435
147.65625 0.0209559587602033
147.6875 0.0208958264762193
147.71875 0.0208359524441995
147.75 0.0207763351885586
147.78125 0.0207169732442268
147.8125 0.0206578651565605
147.84375 0.0205990094812535
147.875 0.0205404047842486
147.90625 0.0204820496416509
147.9375 0.0204239426396415
147.96875 0.020366082374392
148 0.02030846745198
148.03125 0.0202510964883055
148.0625 0.0201939681090081
148.09375 0.0201370809493846
148.125 0.0200804336543081
148.15625 0.0200240248781472
148.1875 0.0199678532846866
148.21875 0.0199119175470482
148.25 0.0198562163476128
148.28125 0.0198007483779428
148.3125 0.0197455123387057
148.34375 0.0196905069395979
148.375 0.0196357308992701
148.40625 0.0195811829452524
148.4375 0.0195268618138809
148.46875 0.0194727662502245
148.5 0.019418895008013
148.53125 0.019365246849565
148.5625 0.0193118205457176
148.59375 0.0192586148757557
148.625 0.0192056286273428
148.65625 0.0191528605964518
148.6875 0.0191003095872972
148.71875 0.0190479744122674
148.75 0.0189958538918576
148.78125 0.0189439468546036
148.8125 0.0188922521370164
148.84375 0.018840768583517
148.875 0.0187894950463719
148.90625 0.0187384303856295
148.9375 0.0186875734690569
148.96875 0.0186369231720771
149 0.0185864783777074
149.03125 0.0185362379764973
149.0625 0.0184862008664687
149.09375 0.0184363659530546
149.125 0.01838673214904
149.15625 0.0183372983745026
149.1875 0.0182880635567543
149.21875 0.018239026630283
149.25 0.0181901865366953
149.28125 0.0181415422246594
149.3125 0.0180930926498487
149.34375 0.018044836774886
149.375 0.0179967735692879
149.40625 0.0179489020094103
149.4375 0.0179012210783935
149.46875 0.0178537297661091
149.5 0.0178064270691058
149.53125 0.0177593119905571
149.5625 0.0177123835402087
149.59375 0.0176656407343268
149.625 0.0176190825956464
149.65625 0.0175727081533206
149.6875 0.01752651644287
149.71875 0.0174805065061325
149.75 0.0174346773912143
149.78125 0.0173890281524401
149.8125 0.017343557850305
149.84375 0.017298265551426
149.875 0.0172531503284942
149.90625 0.0172082112602276
149.9375 0.0171634474313242
149.96875 0.0171188579324152
150 0.0170744418600194
150.03125 0.0170301983164973
150.0625 0.0169861264100059
150.09375 0.0169422252544536
150.125 0.0168984939694562
150.15625 0.0168549316802929
150.1875 0.0168115375178621
150.21875 0.0167683106186387
150.25 0.0167252501246311
150.28125 0.0166823551833386
150.3125 0.0166396249477095
150.34375 0.0165970585760993
150.375 0.0165546552322294
150.40625 0.0165124140851458
150.4375 0.0164703343091791
150.46875 0.0164284150839037
150.5 0.0163866555940983
150.53125 0.0163450550297062
150.5625 0.0163036125857958
150.59375 0.0162623274625225
150.625 0.0162211988650894
150.65625 0.0161802260037096
150.6875 0.0161394080935684
150.71875 0.0160987443547855
150.75 0.0160582340123781
150.78125 0.0160178762962241
150.8125 0.0159776704410252
150.84375 0.0159376156862712
150.875 0.0158977112762038
150.90625 0.0158579564597811
150.9375 0.0158183504906424
150.96875 0.0157788926270734
151 0.015739582131971
151.03125 0.0157004182728096
151.0625 0.0156614003216067
151.09375 0.0156225275548894
151.125 0.0155837992536606
151.15625 0.0155452147033659
151.1875 0.0155067731938612
151.21875 0.0154684740193793
151.25 0.0154303164784983
151.28125 0.0153922998741092
151.3125 0.015354423513384
151.34375 0.0153166867077447
151.375 0.0152790887728316
151.40625 0.0152416290284725
151.4375 0.0152043067986521
151.46875 0.0151671214114815
151.5 0.015130072199168
151.53125 0.0150931584979851
151.5625 0.0150563796482431
151.59375 0.0150197349942595
151.625 0.0149832238843299
151.65625 0.0149468456706991
151.6875 0.0149105997095322
151.71875 0.0148744853608867
151.75 0.0148385019886836
151.78125 0.0148026489606803
151.8125 0.0147669256484422
151.84375 0.0147313314273154
151.875 0.0146958656763995
151.90625 0.0146605277785209
151.9375 0.0146253171202054
151.96875 0.0145902330916519
152 0.0145552750867065
152.03125 0.0145204425028354
152.0625 0.0144857347410999
152.09375 0.0144511512061305
152.125 0.0144166913061008
152.15625 0.0143823544527032
152.1875 0.0143481400611232
152.21875 0.0143140475500146
152.25 0.0142800763414751
152.28125 0.0142462258610217
152.3125 0.0142124955375665
152.34375 0.0141788848033928
152.375 0.0141453930941309
152.40625 0.0141120198487348
152.4375 0.0140787645094586
152.46875 0.0140456265218333
152.5 0.0140126053346438
152.53125 0.0139797003999059
152.5625 0.0139469111728435
152.59375 0.0139142371118665
152.625 0.0138816776785481
152.65625 0.0138492323376027
152.6875 0.0138169005568643
152.71875 0.0137846818072643
152.75 0.0137525755628101
152.78125 0.0137205813005636
152.8125 0.0136886985006201
152.84375 0.013656926646087
152.875 0.0136252652230631
152.90625 0.0135937137206177
152.9375 0.0135622716307702
152.96875 0.0135309384484694
153 0.0134997136715737
153.03125 0.0134685968008306
153.0625 0.0134375873398569
153.09375 0.0134066847951192
153.125 0.013375888675914
153.15625 0.0133451984943483
153.1875 0.0133146137653205
153.21875 0.0132841340065011
153.25 0.0132537587383136
153.28125 0.0132234874839162
153.3125 0.0131933197691823
153.34375 0.0131632551226827
153.375 0.0131332930756671
153.40625 0.0131034331620453
153.4375 0.0130736749183699
153.46875 0.0130440178838178
153.5 0.0130144616001725
153.53125 0.0129850056118067
153.5625 0.0129556494656643
153.59375 0.0129263927112436
153.625 0.0128972349005796
153.65625 0.0128681755882269
153.6875 0.012839214331243
153.71875 0.0128103506891712
153.75 0.0127815842240242
153.78125 0.0127529145002669
153.8125 0.0127243410848008
153.84375 0.0126958635469468
153.875 0.0126674814584297
153.90625 0.0126391943933617
153.9375 0.0126110019282267
153.96875 0.0125829036418642
154 0.0125548991154541
154.03125 0.0125269879325004
154.0625 0.0124991696788165
154.09375 0.0124714439425093
154.125 0.0124438103139641
154.15625 0.0124162683858299
154.1875 0.0123888177530038
154.21875 0.0123614580126166
154.25 0.0123341887640177
154.28125 0.0123070096087609
154.3125 0.0122799201505893
154.34375 0.0122529199954216
154.375 0.0122260087513368
154.40625 0.0121991860285612
154.4375 0.0121724514394533
154.46875 0.0121458045984904
154.5 0.0121192451222543
154.53125 0.0120927726294182
154.5625 0.0120663867407322
154.59375 0.0120400870790104
154.625 0.0120138732691172
154.65625 0.0119877449379537
154.6875 0.011961701714445
154.71875 0.0119357432295265
154.75 0.0119098691161313
154.78125 0.011884079009177
154.8125 0.0118583725455527
154.84375 0.0118327493641065
154.875 0.0118072091056329
154.90625 0.01178175141286
154.9375 0.0117563759304371
154.96875 0.0117310823049222
155 0.0117058701847703
155.03125 0.0116807392203202
155.0625 0.0116556890637834
155.09375 0.0116307193692315
155.125 0.0116058297925842
155.15625 0.0115810199915981
155.1875 0.0115562896258542
155.21875 0.0115316383567468
155.25 0.0115070658474716
155.28125 0.0114825717630145
155.3125 0.0114581557701398
155.34375 0.0114338175373792
155.375 0.0114095567350206
155.40625 0.0113853730350968
155.4375 0.0113612661113744
155.46875 0.0113372356393429
155.5 0.0113132812962038
155.53125 0.0112894027608599
155.5625 0.0112655997139042
155.59375 0.0112418718376097
155.625 0.0112182188159183
155.65625 0.0111946403344308
155.6875 0.0111711360803961
155.71875 0.0111477057427011
155.75 0.0111243490118603
155.78125 0.0111010655800054
155.8125 0.0110778551408756
155.84375 0.0110547173898073
155.875 0.011031652023724
155.90625 0.0110086587411266
155.9375 0.0109857372420836
155.96875 0.0109628872282211
156 0.0109401084027132
156.03125 0.0109174004702726
156.0625 0.0108947631371406
156.09375 0.0108721961110781
156.125 0.0108496991013558
156.15625 0.0108272718187451
156.1875 0.0108049139755086
156.21875 0.0107826252853913
156.25 0.0107604054636107
156.28125 0.0107382542268486
156.3125 0.0107161712932415
156.34375 0.0106941563823717
156.375 0.0106722092152587
156.40625 0.0106503295143502
156.4375 0.0106285170035131
156.46875 0.0106067714080254
156.5 0.0105850924545668
156.53125 0.0105634798712109
156.5625 0.010541933387416
156.59375 0.0105204527340172
156.625 0.0104990376432176
156.65625 0.0104776878485803
156.6875 0.0104564030850198
156.71875 0.0104351830887939
156.75 0.0104140275974959
156.78125 0.0103929363500457
156.8125 0.0103719090866827
156.84375 0.0103509455489572
156.875 0.0103300454797224
156.90625 0.010309208623127
156.9375 0.0102884347246072
156.96875 0.0102677235308787
157 0.0102470747899291
157.03125 0.0102264882510105
157.0625 0.0102059636646317
157.09375 0.0101855007825505
157.125 0.0101650993577665
157.15625 0.0101447591445134
157.1875 0.0101244798982518
157.21875 0.0101042613756619
157.25 0.010084103334636
157.28125 0.0100640055342713
157.3125 0.0100439677348628
157.34375 0.0100239896978963
157.375 0.0100040711860411
157.40625 0.00998421196314283
157.4375 0.00996441179421688
157.46875 0.00994467044544112
157.5 0.00992498768414914
157.53125 0.00990536327882337
157.5625 0.00988579699908832
157.59375 0.00986628861570376
157.625 0.00984683790055809
157.65625 0.00982744462666163
157.6875 0.00980810856814003
157.71875 0.00978882950022771
157.75 0.0097696071992613
157.78125 0.0097504414426732
157.8125 0.00973133200898514
157.84375 0.00971227867780179
157.875 0.00969328122980438
157.90625 0.00967433944674446
157.9375 0.00965545311143759
157.96875 0.00963662200775715
158 0.00961784592062815
158.03125 0.0095991246360211
158.0625 0.00958045794094594
158.09375 0.00956184562344595
158.125 0.0095432874725918
158.15625 0.00952478327847551
158.1875 0.0095063328322046
158.21875 0.00948793592589612
158.25 0.00946959235267088
158.28125 0.0094513019066476
158.3125 0.00943306438293715
158.34375 0.00941487957763681
158.375 0.0093967472878246
158.40625 0.00937866731155362
158.4375 0.00936063944784641
158.46875 0.00934266349668941
158.5 0.00932473925902739
158.53125 0.00930686653675797
158.5625 0.00928904513272614
158.59375 0.00927127485071884
158.625 0.00925355549545955
158.65625 0.00923588687260294
158.6875 0.00921826878872956
158.71875 0.00920070105134056
158.75 0.00918318346885239
158.78125 0.00916571585059164
158.8125 0.00914829800678983
158.84375 0.00913092974857827
158.875 0.00911361088798296
158.90625 0.00909634123791947
158.9375 0.00907912061218794
158.96875 0.00906194882546804
