0 0 0
0.08 0.0738492024683246 0.0738493077109309
0.16 0.136342907872539 0.136343006234594
0.24 0.188790695104263 0.188790686655973
0.32 0.232367809757704 0.232367691863581
0.4 0.268127996877212 0.268128018414256
0.48 0.297016037152078 0.297016028066948
0.56 0.319876881313041 0.319877075755336
0.64 0.337466782864896 0.337467151387551
0.72 0.350460897758419 0.35046162429118
0.8 0.359462129680359 0.359463171293777
0.88 0.365007280042061 0.365008962279792
0.96 0.367575156826949 0.367577170536108
1.04 0.367589956652527 0.367592869237131
1.12 0.365429711670931 0.365433369977804
1.2 0.361428687784069 0.361433054294643
1.28 0.355882208973974 0.355887744580088
1.36 0.349052101747827 0.349058656656836
1.44 0.341168543102105 0.341175972502255
1.52 0.332433197001116 0.332442068167366
1.6 0.323024122951434 0.323034428791449
1.68 0.313096958884241 0.313108279746209
1.76 0.302786104855823 0.302798960328569
1.84 0.292209436446564 0.292224064036734
1.92 0.281468973275136 0.281485367290272
2 0.270652706908228 0.270670566473225
2.08 0.259835298086032 0.259854841373051
2.16 0.24908059211501 0.249102261442215
2.24 0.238443193723203 0.238467049809526
2.32 0.227968700942659 0.227994718602119
2.4 0.217695181001475 0.21772308789459
2.48 0.207652981629562 0.207683199468646
2.56 0.197867292625404 0.197900135534847
2.64 0.188358189156372 0.188393751628859
2.72 0.179140964216078 0.179179332039816
2.8 0.170226963242374 0.17026817535061
2.88 0.161624101358973 0.161668116962305
2.96 0.153336702076206 0.153383994831268
3.04 0.145367360203331 0.145418064062363
3.12 0.137716092204881 0.137770365469442
3.2 0.130381004742683 0.130439052730772
3.28 0.123358567561375 0.123420682327538
3.36 0.116643851987396 0.116710470054321
3.44 0.11023147587545 0.110302517527841
3.52 0.104114429392022 0.10419001179098
3.6 0.0982850220165013 0.0983654008102531
3.68 0.0927350615552091 0.092820547393636
3.76 0.0874558457202407 0.0875468638096126
3.84 0.0824382421083912 0.0825354291651452
3.92 0.0776727467805373 0.0777770913979314
4 0.0731509716189003 0.0732625555549366
4.08 0.0688643960219244 0.0689824598630374
4.16 0.0648024354875046 0.0649274409471285
4.24 0.0609557341622627 0.0610881894147963
4.32 0.0573149754120339 0.057455496903357
4.4 0.0538708793079774 0.0540202955735011
4.48 0.0506141849296592 0.0507736909329098
4.56 0.047535572297217 0.0477069887820261
4.64 0.0446294721634972 0.0448117169917752
4.72 0.0418871442188777 0.0420796427486346
4.8 0.0392989732602605 0.0395027858352961
4.88 0.0368574108956836 0.0370734284545785
4.96 0.0345548671680858 0.0347841220496236
5.04 0.0323839095586295 0.0326276915241785
5.12 0.0303372146699038 0.0305972372224304
5.2 0.0284090578247662 0.028686134987956
5.28 0.0265939199161106 0.0268880345854517
5.36 0.0248844397789265 0.0251968567366463
5.44 0.023274751767826 0.0236067889928195
5.52 0.0217591856358495 0.0221122806403391
5.6 0.0203322819768764 0.0207080368123044
5.68 0.0189887647013253 0.019389011958486
5.76 0.0177235097820564 0.0181504028070399
5.84 0.0165325771032668 0.0169876409347454
5.92 0.0154119122896751 0.0158963850475666
6 0.0143565075298843 0.0148725130599981
6.08 0.0133622974984591 0.0139121140497667
6.16 0.0124236765441673 0.0130114801538735
6.24 0.0115410012860543 0.0121670984625535
6.32 0.0107083225254603 0.0113756429593773
6.4 0.00992213922805894 0.0106339665483131
6.48 0.00917932663995725 0.00993909320202249
6.56 0.00847815935283516 0.00928821025987499
6.64 0.00781466220923376 0.00867866089907358
6.72 0.00718606282762961 0.008107936797798
6.8 0.00658970124038708 0.00757367100534463
6.88 0.0060244479457515 0.00707363103080211
6.96 0.00548512474020836 0.00660571215880445
7.04 0.00497045185504285 0.006167930998298
7.12 0.00447885069701048 0.00575841926800365
7.2 0.00400838822820717 0.00537541782031207
7.28 0.00355641798181413 0.00501727090368351
7.36 0.00312091850198405 0.00468242066220338
7.44 0.00269991533781642 0.00436940186974215
7.52 0.00229146608496398 0.00407683689515896
7.60000000000001 0.00189364370954083 0.00380343089414862
7.68000000000001 0.0015045184647349 0.00354796722264307
7.76000000000001 0.00112226302884006 0.00330930306612066
7.84000000000001 0.000746114471394814 0.0030863652787358
7.92000000000001 0.000373469733363075 0.00287814642584077
