0 0 1
0.00177937145897607 0.00177937145897607 0.999998416918605
0.00349579814589369 0.0034957928075291 0.999993889699994
0.00517408021650468 0.00517405970015446 0.999986614466853
0.00682901198578719 0.00682896223193774 0.999976682369829
0.00846957287837779 0.00846947568066497 0.999964133352812
0.0101012732366962 0.0101011062406013 0.999948982531026
0.0117275183219156 0.0117272550018506 0.999931233387571
0.0133504220335125 0.0133500316681384 0.999910884364232
0.0149713005971728 0.0149707482492575 0.999887932077482
0.0165909753645067 0.0165902218662762 0.999862372808115
0.018209959827067 0.0182089617701473 0.999834203121706
0.019828575628315 0.019827285356963 0.999803420067092
0.0214470247300121 0.0214453903364717 0.999770021183628
0.0230654343822575 0.0230633997033637 0.999734004433196
0.0246838851768838 0.0246813897913152 0.999695368112504
0.0263024285598051 0.0262994077856061 0.999654110770054
0.0279210977677849 0.0279174826599323 0.999610231136612
0.0295399146604675 0.0295356320083619 0.999563728070723
0.0311588939889604 0.0311538663137848 0.999514600517769
0.0327780460630837 0.0327721916150093 0.999462847480065
0.034397378418132 0.0343906111733712 0.99940846799547
0.0360168968564811 0.0360091265141973 0.999351461122329
0.0376366060985405 0.0376277380776267 0.999291825929008
0.0392565101895808 0.0392464456253204 0.999229561486684
0.0408766127539984 0.0408652484946198 0.99916466686442
0.0424969171542387 0.042484145757372 0.999097141125828
0.0441174265901344 0.0441031363191797 0.999026983326813
0.0457381441610087 0.0457222189814198 0.998954192514052
0.0473590729045052 0.0473413924799947 0.998878767723975
0.0489802158208764 0.0489606555095442 0.998800707982085
0.0506015758881819 0.0505800067385698 0.998720012302493
0.0522231560718072 0.052199444818882 0.998636679687611
0.0538449593304329 0.053818968391497 0.998550709127934
0.0554669886197852 0.0554385760903178 0.998462099601899
0.0570892468950004 0.057058266544428 0.998370850075778
0.0587117371121225 0.0586780383795199 0.998276959503599
0.0603344622290607 0.0602978902187818 0.998180426827092
0.0619574252062068 0.0619178206834467 0.998081250975641
0.0635806290068435 0.0635378283931292 0.997979430866242
0.0652040765974185 0.0651579119660315 0.997874965403475
0.0668277709477379 0.0667780700190654 0.997767853479468
0.068451715031107 0.0683983011679236 0.997658093973871
0.0700759118244397 0.0700186040271184 0.997545685753825
0.0717003643083475 0.0716389772100007 0.997430627673936
0.0733250754672167 0.0732594193287653 0.997312918576246
0.0749500482892768 0.0748799289944495 0.997192557290209
0.0765752857666653 0.0765005048169258 0.99706954263266
0.0782007908954891 0.0781211454048924 0.996943873407786
0.079826566675884 0.0797418493658606 0.996815548407101
0.0814526161120736 0.0813626153061422 0.996684566409418
0.0830789422124277 0.082983441830835 0.996550926180816
0.0847055479895196 0.0846043275438085 0.996414626474614
0.0863324364601843 0.0862252710476889 0.996275666031339
0.0879596106455765 0.0878462709438442 0.996134043578699
0.0895870735712281 0.0894673258323688 0.995989757831549
0.0912148282671065 0.091088434312068 0.995842807491862
0.0928428777676732 0.0927095949804429 0.995693191248698
0.0944712251119413 0.0943308064336744 0.995540907778171
0.0960998733435354 0.0959520672666077 0.995385955743417
0.0977288255107493 0.0975733760727368 0.995228333794561
0.0993580846666059 0.0991947314441886 0.995068040568688
0.100987653868916 0.100816131971707 0.994905074689801
0.102617536180339 0.102437576244638 0.994739434768796
0.104247734668441 0.10405906285091 0.994571119403422
0.105878252405756 0.105680590377026 0.994400127178248
0.107509092469845 0.107302157408037 0.994226456664628
0.109140257943358 0.108923762527534 0.994050106420665
0.110771751914096 0.110545404317628 0.993871074991175
0.112403577475067 0.112167081358936 0.993689360907649
0.114035737724554 0.113788792230563 0.993504962688218
0.115668235766171 0.115410535510086 0.993317878837615
0.117301074708927 0.117032309773538 0.993128107847135
0.118934257667291 0.118654113595391 0.992935648194601
0.120567787761248 0.120275945548541 0.992740498344318
0.122201668116367 0.121897804204289 0.992542656747041
0.123835901863863 0.123519688132327 0.992342121839931
0.12547049214066 0.125141595900718 0.992138892046517
0.127105442089453 0.126763526075884 0.991932965776652
0.128740754858772 0.128385477222584 0.991724341426474
0.130376433603051 0.1300074479039 0.991513017378364
0.132012481482685 0.13162943668122 0.991298992000904
0.1336489016641 0.133251442114221 0.991082263648834
0.135285697319817 0.134873462760849 0.990862830663008
0.136922871628518 0.136495497177307 0.990640691370351
0.138560427775107 0.138117543918033 0.990415844083815
0.140198368950784 0.139739601535685 0.990188287102333
0.141836698353106 0.141361668581124 0.989958018710776
0.143475419186053 0.142983743603394 0.989725037179906
0.145114534660099 0.144605825149708 0.989489340766329
0.146754047992277 0.146227911765426 0.989250927712449
0.148393962406248 0.147850001994044 0.989009796246422
0.150034281132366 0.149472094377169 0.988765944582104
0.15167500740775 0.151094187454503 0.988519370919008
0.153316144476354 0.15271627976383 0.988270073442254
0.154957695589028 0.154338369840992 0.988018050322514
0.156599664003599 0.155960456219874 0.987763299715971
0.158242052984932 0.157582537432384 0.987505819764261
0.159884865805004 0.159204612008437 0.987245608594426
0.161528105742975 0.160826678475934 0.98698266431886
0.163171776085256 0.162448735360746 0.986716985035262
0.164815880125586 0.164070781186696 0.986448568826574
0.166460421165098 0.165692814475536 0.986177413760938
0.168105402512395 0.167314833746932 0.985903517891637
0.169750827483619 0.168936837518447 0.985626879257037
0.171396699402531 0.170558824305516 0.985347495880542
0.173043021600575 0.172180792621433 0.985065365770529
0.174689797416961 0.17380274097733 0.984780486920297
0.176337030198732 0.175424667882154 0.984492857308009
0.177984723300844 0.177046571842657 0.984202474896633
0.179632880086238 0.178668451363365 0.983909337633888
0.181281503925918 0.180290304946569 0.983613443452182
0.182930598199024 0.1819121310923 0.983314790268555
0.184580166292912 0.183533928298308 0.983013375984618
0.186230211603229 0.185155695060049 0.982709198486495
0.18788073753399 0.186777429870657 0.982402255644757
0.189531747497657 0.18839913122093 0.982092545314366
0.191183244915217 0.190020797599309 0.981780065334611
0.192835233216263 0.191642427491854 0.981464813529045
0.194487715839068 0.19326401938223 0.981146787705419
0.19614069623067 0.194885571751682 0.980825985655623
0.19779417784695 0.196507083079015 0.980502405155617
0.199448164152715 0.198128551840577 0.980176043965368
0.201102658621774 0.199749976510233 0.979846899828783
0.202757664737027 0.20137135555935 0.979514970473643
0.204413185990541 0.202992687456771 0.979180253611534
0.206069225883639 0.204613970668797 0.97884274693778
0.207725787926977 0.206235203659167 0.978502448131375
0.209382875640632 0.207856384889031 0.978159354854914
0.211040492554188 0.209477512816938 0.977813464754518
0.212698642206815 0.211098585898805 0.977464775459771
0.21435732814736 0.212719602587902 0.977113284583642
0.216016553934433 0.214340561334828 0.976758989722415
0.217676323136489 0.215961460587489 0.976401888455619
0.21933663933192 0.217582298791076 0.976041978345947
0.220997506109143 0.219203074388044 0.975679256939191
0.222658927066683 0.220823785818089 0.975313721764158
0.22432090581327 0.222444431518127 0.9749453703326
0.225983445967923 0.22406500992227 0.974574200139136
0.22764655116004 0.225685519461805 0.974200208661173
0.229310225029494 0.227305958565168 0.973823393358828
0.230974471226718 0.228926325657926 0.973443751674852
0.232639293412804 0.230546619162752 0.973061281034548
0.234304695259589 0.232166837499399 0.97267597884569
0.235970680449753 0.233786979084684 0.972287842498443
0.237637252676913 0.235407042332456 0.971896869365281
0.239304415645714 0.237027025653579 0.971503056800902
0.240972173071928 0.238646927455906 0.971106402142149
0.242640528682549 0.240266746144255 0.970706902707919
0.244309486215891 0.241886480120386 0.970304555799085
0.245979049421681 0.243506127782977 0.969899358698403
0.247649222061163 0.245125687527597 0.969491308670429
0.249320007907192 0.246745157746688 0.96908040296143
0.250991410744339 0.248364536829534 0.968666638799297
0.252663434368985 0.24998382316224 0.968250013393453
0.254336082589426 0.251603015127705 0.967830523934762
0.256009359225973 0.2532221111056 0.967408167595442
0.257683268111057 0.25484110947234 0.966982941528969
0.259357813089329 0.256460008601062 0.966554842869984
0.261032998017766 0.258078806861595 0.966123868734201
0.262708826765775 0.259697502620441 0.965690016218312
0.2643853032153 0.26131609424074 0.965253282399887
0.266062431260927 0.262934580082256 0.964813664337284
0.267740214809989 0.264552958501339 0.964371159069546
0.269418657782679 0.266171227850908 0.963925763616304
0.271097764112155 0.267789386480419 0.963477474977678
0.272777537744653 0.269407432735842 0.963026290134176
0.274457982639592 0.271025364959633 0.962572206046592
0.27613910276969 0.272643181490705 0.962115219655904
0.277820902121074 0.274260880664405 0.96165532788317
0.279503384693396 0.275878460812483 0.961192527629424
0.281186554499942 0.277495920263067 0.96072681577557
0.28287041556775 0.279113257340636 0.960258189182275
0.284554971937725 0.28073047036599 0.959786644689863
0.286240227664757 0.282347557656221 0.959312179118205
0.287926186817835 0.28396451752469 0.958834789266609
0.289612853480169 0.285581348280995 0.958354471913709
0.291300231749308 0.28719804823094 0.957871223817357
0.292988325737258 0.288814615676514 0.957385041714503
0.294677139570609 0.290431048915853 0.956895922321087
0.296366677390651 0.292047346243219 0.956403862331921
0.298056943353501 0.293663505948965 0.955908858420574
0.299747941630226 0.295279526319508 0.955410907239254
0.301439676406968 0.296895405637299 0.954910005418688
0.303132151885071 0.298511142180793 0.954406149568005
0.304825372281209 0.300126734224418 0.953899336274613
0.306519341827511 0.301742180038548 0.953389562104077
0.308214064771694 0.303357477889466 0.952876823599999
0.309909545377192 0.304972626039342 0.952361117283888
0.311605787923287 0.306587622746193 0.951842439655039
0.313302796705243 0.308202466263859 0.951320787190402
0.315000576034438 0.309817154841968 0.950796156344459
0.316699130238499 0.311431686725904 0.950268543549089
0.31839846366144 0.313046060156779 0.949737945213443
0.320098580663797 0.314660273371395 0.949204357723805
0.321799485622767 0.316274324602216 0.948667777443467
0.323501182932347 0.317888212077337 0.948128200712586
0.325203677003476 0.319501934020444 0.947585623848055
0.326906972264174 0.321115488650789 0.947040043143362
0.328611073159689 0.322728874183153 0.946491454868452
0.330315984152636 0.324342088827811 0.945939855269588
0.332021709723148 0.325955130790502 0.945385240569208
0.33372825436902 0.327567998272393 0.944827606965784
0.335435622605854 0.329180689470044 0.944266950633677
0.337143818967216 0.330793202575375 0.943703267722992
0.338852848004779 0.33240553577563 0.943136554359429
0.340562714288479 0.334017687253344 0.942566806644136
0.342273422406667 0.335629655186305 0.94199402065356
0.343984976966264 0.337241437747521 0.941418192439294
0.345697382592915 0.338853033105183 0.940839318027925
0.347410643931151 0.340464439422627 0.940257393420877
0.349124765644543 0.342075654858304 0.93967241459426
0.350839752415863 0.343686677565734 0.939084377498707
0.352555608947248 0.345297505693478 0.938493278059218
0.354272339960361 0.346908137385094 0.937899112174998
0.355989950196556 0.348518570779106 0.937301875719296
0.357708444417043 0.350128804008959 0.936701564539239
0.359427827403059 0.351738835202987 0.936098174455667
0.36114810395603 0.353348662484372 0.935491701262967
0.362869278897751 0.354958283971106 0.934882140728904
0.364591357070548 0.35656769777595 0.934269488594446
0.366314343337461 0.358176902006399 0.933653740573597
0.368038242582412 0.359785894764637 0.933034892353222
0.369763059710387 0.361394674147504 0.932412939592867
0.371488799647609 0.363003238246449 0.931787877924585
0.373215467341725 0.364611585147492 0.931159702952756
0.374943067761982 0.366219712931185 0.930528410253905
0.376671605899413 0.36782761967257 0.929893995376517
0.378401086767024 0.369435303441135 0.929256453840857
0.380131515399978 0.371042762300774 0.928615781138776
0.381862896855782 0.372649994309748 0.92797197273353
0.383595236214486 0.374256997520636 0.927325024059583
0.385328538578864 0.375863769980297 0.926674930522415
0.387062809074617 0.377470309729825 0.92602168749833
0.388798052850566 0.379076614804506 0.925365290334259
0.390534275078849 0.380682683233774 0.924705734347559
0.39227148095512 0.382288513041166 0.924043014825811
0.394009675698756 0.383894102244279 0.923377127026623
0.395748864553052 0.385499448854724 0.92270806617742
0.397489052785436 0.387104550878078 0.922035827475236
0.39923024568767 0.388709406313846 0.921360406086509
0.400972448576062 0.390314013155403 0.920681797146868
0.402715666791677 0.391918369389961 0.919999995760916
0.404459905700551 0.39352247299851 0.919314997002019
0.406205170693909 0.395126321955779 0.918626795912085
0.407951467188379 0.396729914230183 0.917935387501344
0.409698800626214 0.398333247783778 0.917240766748125
0.411447176475517 0.399936320572213 0.916542928598632
0.413196600230459 0.401539130544678 0.915841867966715
0.414947077411512 0.403141675643856 0.915137579733643
0.416698613565676 0.404743953805873 0.914430058747867
0.41845121426671 0.406345962960251 0.913719299824789
0.420204885115363 0.407947701029852 0.913005297746525
0.421959631739616 0.409549165930829 0.912288047261661
0.423715459794914 0.411150355572577 0.911567543085015
0.425472374964412 0.412751267857678 0.910843779897393
0.427230382959215 0.414351900681848 0.910116752345334
0.428989489518623 0.415952251933887 0.90938645504087
0.430749700410385 0.417552319495625 0.908652882561265
0.432511021430941 0.419152101241864 0.907916029448763
0.434273458405682 0.420751595040331 0.907175890210332
0.436037017189204 0.422350798751616 0.906432459317395
0.437801703665566 0.42394971022912 0.905685731205575
0.439567523748553 0.425548327319002 0.904935700274424
0.441334483381935 0.427146647860117 0.904182360887153
0.443102588539743 0.428744669683961 0.90342570737036
0.444871845226527 0.430342390614616 0.902665734013754
0.446642259477639 0.431939808468693 0.90190243506988
0.448413837359501 0.433536921055266 0.901135804753829
0.450186584969887 0.435133726175823 0.900365837242965
0.451960508438203 0.4367302216242 0.899592526676625
0.453735613925767 0.438326405186523 0.898815867155837
0.455511907626106 0.439922274641147 0.898035852743022
0.457289395765235 0.441517827758597 0.897252477461697
0.459068084601958 0.443113062301503 0.896465735296174
0.46084798042816 0.44470797602454 0.895675620191256
0.462629089569108 0.446302566674365 0.894882126051931
0.464411418383757 0.447896831989551 0.894085246743059
0.466194973265049 0.449490769700528 0.893284976089059
0.46797976064023 0.451084377529514 0.892481307873588
0.469765786971156 0.452677653190451 0.891674235839227
0.471553058754615 0.454270594388939 0.890863753687148
0.473341582522643 0.455863198822172 0.890049855076787
0.475131364842849 0.457455464178868 0.889232533625516
0.476922412318741 0.4590473881392 0.888411782908303
0.478714731590054 0.460638968374733 0.887587596457371
0.480508329333091 0.46223020254835 0.886759967761857
0.482303212261052 0.463821088314182 0.885928890267464
0.484099387124381 0.465411623317544 0.885094357376107
0.48589686071111 0.467001805194855 0.884256362445559
0.487695639847208 0.468591631573573 0.88341489878909
0.489495731396933 0.470181100072121 0.882569959675105
0.491297142263191 0.47177020829981 0.881721538326774
0.493099879387898 0.473358953856771 0.880869627921659
0.494903949752339 0.474947334333876 0.88001422159134
0.496709360377546 0.476535347312665 0.879155312421031
0.498516118324665 0.478122990365268 0.878292893449196
0.500324230695336 0.47971026105433 0.877426957667159
0.502133704632078 0.481297156932931 0.876557498018708
0.503944547318668 0.482883675544511 0.875684507399698
0.505756765980542 0.484469814422788 0.874807978657645
0.507570367885182 0.486055571091678 0.873927904591318
0.50938536034252 0.487640943065216 0.873044277950328
0.511201750705344 0.489225927847473 0.872157091434704
0.513019546369704 0.490810522932474 0.871266337694476
0.514838754775328 0.492394725804115 0.870372009329242
0.516659383406042 0.493978533936077 0.869474098887737
0.518481439790194 0.495561944791744 0.868572598867393
0.520304931501081 0.497144955824115 0.867667501713898
0.522129866157386 0.498727564475718 0.86675879982074
0.523956251423615 0.50030976817852 0.865846485528761
0.525784095010542 0.501891564353844 0.864930551125693
0.527613404675662 0.503472950412272 0.864010988845689
0.529444188223642 0.505053923753561 0.863087790868856
0.531276453506782 0.506634481766549 0.86216094932078
0.533110208425486 0.508214621829062 0.861230456272036
0.534945460928729 0.50979434130782 0.860296303737705
0.536782219014537 0.511373637558347 0.859358483676877
0.538620490730469 0.512952507924869 0.858416987992152
0.540460284174109 0.514530949740224 0.857471808529131
0.542301607493558 0.516108960325761 0.856522937075903
0.544144468887939 0.517686536991243 0.855570365362527
0.545988876607901 0.519263677034746 0.854614085060504
0.547834838956135 0.520840377742559 0.853654087782246
0.549682364287895 0.522416636389085 0.852690365080536
0.551531461011524 0.523992450236733 0.851722908447982
0.553382137588985 0.525567816535819 0.850751709316466
0.555234402536404 0.52714273252446 0.849776759056581
0.557088264424616 0.528717195428463 0.848798048977066
0.558943731879719 0.530291202461227 0.847815570324232
0.560800813583631 0.531864750823625 0.846829314281381
0.562659518274662 0.533437837703899 0.845839271968217
0.564519854748089 0.535010460277549 0.844845434440249
0.566381831856735 0.536582615707221 0.843847792688189
0.568245458511559 0.538154301142592 0.84284633763734
0.570110743682256 0.539725513720256 0.841841060146974
0.57197769639786 0.541296250563607 0.840831951009708
0.573846325747356 0.542866508782725 0.839819000950868
0.575716640880302 0.544436285474255 0.838802200627844
0.577588651007457 0.546005577721285 0.837781540629438
0.579462365401417 0.547574382593228 0.836757011475205
0.581337793397261 0.549142697145699 0.83572860361478
0.583214944393205 0.550710518420389 0.834696307427207
0.585093827851263 0.55227784344494 0.833660113220244
0.586974453297917 0.553844669232819 0.832620011229672
0.5888568303248 0.555410992783189 0.83157599161859
0.59074096858938 0.556976811080779 0.830528044476696
0.592626877815663 0.558542121095752 0.82947615981957
0.594514567794896 0.560106919783571 0.828420327587932
0.596404048386285 0.561671204084869 0.827360537646906
0.598295329517723 0.563234970925305 0.826296779785261
0.600188421186521 0.564798217215435 0.825229043714652
0.602083333460161 0.566360939850566 0.824157319068841
0.603980076477046 0.567923135710617 0.823081595402918
0.605878660447268 0.569484801659977 0.822001862192499
0.607779095653389 0.571045934547361 0.820918108832929
0.609681392451219 0.572606531205661 0.819830324638456
0.611585561270625 0.574166588451799 0.818738498841409
0.613491612616333 0.575726103086581 0.817642620591356
0.61539955706875 0.577285071894539 0.816542678954255
0.617309405284797 0.578843491643783 0.815438662911585
0.61922116799875 0.580401359085842 0.814330561359481
0.621134856023098 0.581958670955509 0.813218363107837
0.623050480249407 0.583515423970682 0.812102056879414
0.624968051649203 0.5850716148322 0.810981631308922
0.626887581274858 0.586627240223684 0.809857074942102
0.6288090802605 0.588182296811368 0.808728376234781
0.630732559822925 0.589736781243933 0.807595523551925
0.63265803126253 0.591290690152342 0.806458505166674
0.634585505964257 0.59284402014966 0.805317309259363
0.636514995398547 0.594396767830887 0.804171923916528
0.638446511122311 0.595948929772782 0.803022337129902
0.640380064779917 0.597500502533681 0.801868536795395
0.642315668104187 0.59905148265332 0.800710510712054
0.64425333291741 0.600601866652651 0.799548246581014
0.646193071132369 0.602151651033658 0.798381732004435
0.648134894753388 0.603700832279169 0.797210954484417
0.650078815877387 0.605249406852667 0.796035901421903
0.652024846694955 0.606797371198095 0.794856560115568
0.653972999491443 0.608344721739667 0.793672917760686
0.655923286648069 0.609891454881664 0.792484961447987
0.657875720643037 0.611437567008239 0.791292678162491
0.659830314052682 0.612983054483214 0.790096054782329
0.66178707955262 0.614527913649871 0.788895078077544
0.663746029918925 0.61607214083075 0.787689734708873
0.665707178029321 0.617615732327433 0.786480011226519
0.667670536864386 0.619158684420334 0.785265894068889
0.669636119508787 0.620700993368483 0.784047369561331
0.67160393915252 0.622242655409302 0.782824423914834
0.673574009092177 0.623783666758391 0.781597043224726
0.675546342732233 0.625324023609294 0.780365213469336
0.677520953586348 0.626863722133278 0.779128920508649
0.67949785527869 0.628402758479096 0.777888150082929
0.681477061545285 0.629941128772758 0.776642887811328
0.683458586235378 0.631478829117288 0.775393119190471
0.685442443312825 0.633015855592487 0.774138829593022
0.687428646857496 0.634552204254687 0.772880004266219
0.689417211066714 0.636087871136503 0.7716166283304
0.691408150256702 0.637622852246581 0.770348686777491
0.693401478864063 0.639157143569349 0.769076164469481
0.695397211447279 0.640690741064748 0.76779904613687
0.697395362688238 0.642223640667982 0.766517316377087
0.699395947393779 0.643755838289244 0.765230959652892
0.701398980497268 0.645287329813449 0.763939960290746
0.703404477060195 0.646818111099963 0.762644302479155
0.705412452273803 0.648348177982323 0.761343970266993
0.707422921460733 0.649877526267956 0.760038947561789
0.709435900076706 0.651406151737897 0.758729218127995
0.71145140371223 0.652934050146494 0.757414765585221
0.713469448094329 0.654461217221121 0.756095573406441
0.715490049088309 0.655987648661876 0.754771624916171
0.717513222699549 0.657513340141278 0.753442903288619
0.719538985075321 0.659038287303965 0.752109391545797
0.721567352506642 0.660562485766378 0.750771072555615
0.723598341430157 0.662085931116449 0.749427929029926
0.725631968430054 0.663608618913276 0.748079943522555
0.727668250240006 0.665130544686803 0.746727098427283
0.72970720374516 0.666651703937486 0.745369375975804
0.73174884598414 0.668172092135961 0.744006758235643
0.733793194151099 0.669691704722699 0.742639227108041
0.735840265597806 0.671210537107667 0.741266764325807
0.737890077835755 0.672728584669971 0.739889351451124
0.739942648538328 0.674245842757505 0.73850696987333
0.741997995542986 0.675762306686586 0.737119600806647
0.744056136853497 0.677277971741591 0.735727225287884
0.746117090642208 0.678792833174578 0.734329824174092
0.748180875252353 0.680306886204914 0.732927378140176
0.750247509200407 0.681820126018887 0.731519867676475
0.752317011178471 0.683332547769315 0.730107273086292
0.754389400056714 0.684844146575152 0.728689574483378
0.756464694885845 0.686354917521083 0.727266751789383
0.758542914899639 0.687864855657115 0.725838784731247
0.760624079517502 0.68937395599816 0.724405652838555
0.762708208347085 0.690882213523616 0.722967335440842
0.764795321186947 0.692389623176935 0.721523811664846
0.766885438029264 0.693896179865186 0.720075060431716
0.768978579062587 0.695401878458612 0.718621060454167
0.771074764674654 0.696906713790182 0.71716179023358
0.77317401545525 0.698410680655129 0.715697228057059
0.775276352199123 0.699913773810489 0.71422735199442
0.777381795908952 0.701415987974624 0.712752139895137
0.77949036779837 0.702917317826741 0.711271569385222
0.781602089295051 0.704417758006405 0.709785617864055
0.783716982043841 0.705917303113042 0.708294262501144
0.785835067909962 0.70741594770543 0.706797480232838
0.787956368982269 0.708913686301189 0.705295247758967
0.790080443072973 0.710410186463592 0.703787871528329
0.792205230943974 0.711903982743993 0.702276811876876
0.794329447598753 0.713394164683159 0.700762989139564
0.796452294973533 0.714880170106381 0.699246983222343
0.79857328057214 0.71636165491488 0.697729159867602
0.80069210337381 0.717838411347585 0.69620975026277
0.802808582215382 0.719310316780945 0.694688901123724
0.804922610896241 0.720777301701117 0.693166706160531
0.807034130058972 0.722239329686595 0.691643225829481
0.809143109586903 0.723696384904388 0.690118499725386
0.811249537589122 0.725148464302543 0.688592554353795
0.813353413509503 0.726595572736493 0.68706540800454
0.81545474381661 0.728037719927568 0.685537073807289
0.817553539308447 0.729474918565409 0.684007561647116
0.819649813427424 0.730907183124483 0.682476879365378
0.821743581207282 0.732334529126329 0.68094503351254
0.823834858615278 0.733756972680001 0.679412029820151
0.825923662141615 0.735174530196138 0.67787787349677
0.828010008543478 0.736587218209379 0.676342569413549
0.830093914685778 0.737995053268382 0.674806122220646
0.832175397442354 0.739398051868031 0.673268536420292
0.834254473634987 0.740796230407938 0.671729816412686
0.83633115999604 0.742189605167363 0.670189966524862
0.838405473145863 0.743578192290349 0.66864899102887
0.840477429579428 0.744962007777231 0.667106894153279
0.842547045658707 0.746341067480093 0.665563680090477
0.844614337608649 0.747715387100699 0.664019353001343
0.846679321515383 0.749084982189931 0.662473917018268
0.848742013325796 0.750449868148175 0.66092737624714
0.850802428847978 0.751810060226268 0.659379734768686
0.85286058375218 0.7531655735268 0.657830996639394
0.854916493572085 0.754516423005616 0.656281165892188
0.856970173706273 0.755862623473427 0.654730246536933
0.859021639419783 0.757204189597497 0.653178242560844
0.861070905845735 0.758541135903336 0.65162515792882
0.863117987986972 0.759873476776419 0.650070996583749
0.865162900717711 0.761201226463887 0.648515762446772
0.86720565878518 0.762524399076232 0.646959459417534
0.869246276811247 0.763843008588969 0.645402091374427
0.87128476929403 0.765157068844282 0.643843662174815
0.873321150609478 0.766466593552644 0.642284175655258
0.875355435012939 0.767771596294422 0.640723635631733
0.877387636640695 0.769072090521443 0.639162045899842
0.879417769511486 0.770368089558551 0.637599410235023
0.881445847527995 0.771659606605123 0.636035732392761
0.883471884478325 0.772946654736579 0.634471016108785
0.885495894037437 0.774229246905851 0.63290526509927
0.887517889768581 0.775507395944839 0.631338483061037
0.889537885124694 0.776781114565843 0.629770673671747
0.891555893449779 0.778050415362969 0.62820184059009
0.893571927980263 0.779315310813515 0.626631987455979
0.895586001846332 0.780575813279332 0.625061117890738
0.897598128073252 0.781831935008172 0.623489235497282
0.899608319582655 0.783083688135005 0.621916343860304
0.901616589193823 0.78433108468332 0.620342446546455
0.903622949624938 0.78557413656641 0.618767547104521
0.905627413494321 0.786812855588627 0.617191649065598
0.907629993321647 0.788047253446628 0.615614755943268
0.909630701529146 0.789277341730595 0.614036871233768
0.911629550442783 0.79050313192544 0.612457998416161
0.913626552293418 0.791724635411989 0.610878140952505
0.915621719217956 0.792941863468153 0.609297302288013
0.917615063260471 0.794154827270073 0.607715485851221
0.919606596373318 0.795363537893254 0.606132695054147
0.921596330418229 0.796568006313682 0.604548933292452
0.92358427716739 0.797768243408922 0.602964203945593
0.925570448304504 0.798964259959198 0.601378510376985
0.927554855425834 0.800156066648462 0.599791855934148
0.92953751004124 0.80134367406544 0.598204243948864
0.931518423575193 0.802527092704674 0.596615677737322
0.933497607367772 0.803706332967532 0.59502616060027
0.935475072675657 0.804881405163221 0.59343569582316
0.937450830673098 0.80605231950977 0.591844286676291
0.939424892452873 0.80721908613501 0.590251936414955
0.941397269027236 0.808381715077532 0.588658648279575
0.943367971328841 0.809540216287634 0.587064425495848
0.945337010211668 0.810694599628258 0.585469271274877
0.947304396451923 0.811844874875903 0.583873188813317
0.949270140748928 0.812991051721541 0.582276181293498
0.951234253726005 0.814133139771499 0.580678251883568
0.95319674593134 0.81527114854835 0.57907940373762
0.955157627838837 0.816405087491776 0.577479639995823
0.957116909848961 0.817534965959425 0.575878963784549
0.959074602289572 0.818660793227754 0.574277378216503
0.961030715416738 0.819782578492862 0.572674886390848
0.962985259415549 0.820900330871309 0.571071491393329
0.964938244400911 0.822014059400924 0.569467196296394
0.96688968041833 0.823123773041606 0.567862004159319
0.968839577444691 0.824229480676104 0.566255918028325
0.970787945389021 0.825331191110797 0.5646489409367
0.972734794093241 0.826428913076457 0.563041075904913
0.974680133332912 0.827522655228999 0.561432325940735
0.976623972817968 0.828612426150231 0.559822694039348
0.97856632219344 0.829698234348583 0.558212183183463
0.980507191040168 0.830780088259829 0.556600796343432
0.982446588875511 0.831857996247803 0.554988536477356
0.984384525154035 0.832931966605102 0.553375406531201
0.986321009268204 0.834002007553777 0.551761409438899
0.988256050549056 0.835068127246019 0.550146548122463
0.990189658266867 0.836130333764836 0.54853082549209
0.992121841631817 0.837188635124716 0.546914244446266
0.994052609794632 0.838243039272285 0.545296807871871
0.995981971847234 0.839293554086955 0.543678518644281
0.997909936823368 0.840340187381566 0.542059379627473
0.999836513699231 0.841382946903012 0.540439393674123
1.00176171139409 0.842421840332867 0.538818563625708
1.00368553877088 0.843456875287998 0.537196892312602
1.00560800463683 0.844488059321171 0.535574382554175
1.00752911774403 0.845515399921652 0.533951037158894
1.00944888679003 0.846538904515791 0.532326858924411
1.01136732041843 0.84755858046761 0.530701850637665
1.0132844272194 0.848574435079374 0.52907601507497
1.01520021573033 0.849586475592163 0.527449355002111
1.01711469443632 0.850594709186426 0.525821873174438
1.01902787177073 0.851599142982535 0.524193572336952
1.02093975611576 0.852599784041336 0.522564455224398
1.02285035580298 0.853596639364679 0.520934524561353
1.02475967911382 0.854589715895953 0.519303783062316
1.02666773428014 0.855579020520613 0.517672233431793
1.02857452948471 0.856564560066693 0.516039878364385
1.03048007286177 0.85754634130532 0.514406720544874
1.03238437249746 0.858524370951219 0.512772762648305
1.03428743643039 0.859498655663206 0.511138007340074
1.03618927265207 0.860469202044687 0.509502457276008
1.03808988910747 0.861436016644138 0.507866115102448
1.03998929369541 0.862399105955588 0.506228983456331
1.0418874942691 0.863358476419087 0.50459106496527
1.0437844986366 0.864314134421181 0.502952362247634
1.04568031456124 0.865266086295365 0.501312877912628
1.04757494976214 0.866214338322544 0.499672614560372
1.04946841191461 0.867158896731482 0.498031574781974
1.05136070865061 0.868099767699245 0.496389761159612
1.05325184755922 0.869036957351639 0.494747176266608
1.05514183618703 0.869970471763646 0.493103822667505
1.05703068203861 0.870900316959849 0.491459702918137
1.0589183925769 0.871826498914856 0.489814819565709
1.06080497522366 0.872749023553717 0.488169175148867
1.06269043735987 0.873667896752334 0.48652277219777
1.06457478632616 0.874583124337873 0.484875613234164
1.06645802942318 0.875494712089161 0.483227700771452
1.06834017391204 0.876402665737085 0.481579037314765
1.07022122701468 0.877306990964985 0.47992962536103
1.07210119591428 0.878207693409039 0.478279467399044
1.07398008775563 0.879104778658648 0.476628565909537
1.07585790964553 0.879998252256815 0.474976923365244
1.07773466865317 0.880888119700513 0.47332454223097
1.07961037181047 0.881774386441061 0.471671424963658
1.08148502611252 0.882657057884482 0.470017574012457
1.08335863851786 0.883536139391867 0.468362991818783
1.08523121594893 0.88441163627973 0.466707680816387
1.08710276529234 0.885283553820358 0.465051643431419
1.0889732933993 0.88615189724216 0.463394882082493
1.09084280708592 0.887016671730007 0.461737399180748
1.0927113131336 0.887877882425576 0.460079197129912
1.09457881828932 0.888735534427677 0.458420278326363
1.09644532926602 0.889589632792594 0.456760645159193
1.09831085274293 0.890440182534401 0.455100300010266
1.10017539536587 0.891287188625294 0.453439245254282
1.10203896374764 0.892130655995904 0.451777483258834
1.10390156446826 0.892970589535617 0.450115016384468
1.10576320407537 0.893806994092882 0.448451846984743
1.10762388908449 0.894639874475519 0.446787977406291
1.10948362597939 0.895469235451027 0.445123409988871
1.11134242121234 0.896295081746882 0.443458147065428
1.11320028120445 0.897117418050832 0.441792190962153
1.11505721234598 0.897936249011196 0.440125543998534
1.11691322099663 0.898751579237151 0.438458208487419
1.11876831348583 0.899563413299017 0.436790186735064
1.12062249611305 0.900371755728546 0.435121481041193
1.12247577514808 0.901176611019195 0.433452093699053
1.12432815683133 0.901977983626411 0.431782026995464
1.1261796473741 0.902775877967898 0.430111283210877
1.12803025295888 0.903570298423889 0.428439864619426
1.12987997973962 0.904361249337417 0.42676777348898
1.13172883384199 0.905148735014575 0.425095012081195
1.13357682136369 0.905932759724778 0.423421582651568
1.1354239483747 0.906713327701024 0.421747487449489
1.13727022091755 0.907490443140146 0.420072728718288
1.13911564500757 0.908264110203064 0.418397308695291
1.1409602266332 0.909034333015038 0.416721229611866
1.1428039717562 0.90980111566591 0.415044493693476
1.14464688631192 0.910564462210352 0.413367103159728
1.14648897620958 0.911324376668102 0.41168906022442
1.1483302473325 0.912080863024207 0.410010367095593
1.15017070553834 0.912833925229253 0.408331025975578
1.15201035665938 0.913583567199603 0.406651039061041
1.15384920650275 0.914329792817624 0.404970408543038
1.15568726085065 0.915072605931915 0.403289136607055
1.15752452546063 0.915812010357529 0.401607225433057
1.1593610060658 0.916548009876201 0.399924677195538
1.16119670837507 0.917280608236564 0.398241494063564
1.16303163807341 0.918009809154363 0.396557678200817
1.16486580082203 0.918735616312679 0.394873231765646
1.16669920225866 0.919458033362129 0.393188156911108
1.16853184799775 0.920177063921087 0.391502455785013
1.17036374363069 0.920892711575883 0.389816130529972
1.17219489472604 0.921604979881016 0.388129183283435
1.17402530682978 0.922313872359347 0.386441616177743
1.17585498546548 0.92301939250231 0.384753431340163
1.17768393613453 0.9237215437701 0.383064630892937
1.17951216431638 0.924420329591878 0.381375216953324
1.18133967546871 0.925115753365959 0.379685191633642
1.1831664750277 0.925807818460004 0.377994557041307
1.18499256840818 0.926496528211212 0.376303315278881
1.18681796100385 0.927181885926504 0.374611468444109
1.18864265818751 0.927863894882712 0.372919018629964
1.19046666531125 0.928542558326758 0.371225967924684
1.19228998770662 0.929217879475836 0.369532318411817
1.19411263068489 0.929889861517594 0.367838072170257
1.1959345995372 0.930558507610305 0.366143231274289
1.19775589953476 0.931223820883048 0.364447797793626
1.19957653592907 0.931885804435876 0.362751773793449
1.20139651395207 0.932544461339991 0.361055161334446
1.20321583881639 0.933199794637909 0.359357962472853
1.20503451571548 0.93385180734363 0.357660179260491
1.20685254982382 0.934500502442802 0.355961813744807
1.20866994629711 0.935145882892885 0.354262867968907
1.21048671027247 0.935787951623312 0.352563343971603
1.21230284686857 0.936426711535648 0.35086324378744
1.21411836118586 0.937062165503749 0.349162569446744
1.21593325830674 0.937694316373919 0.347461322975651
1.21774754329571 0.938323166965061 0.345759506396148
1.21956122119958 0.938948720068832 0.344057121726112
1.22137429704763 0.939570978449795 0.342354170979341
1.22318677585177 0.940189944845563 0.340650656165595
1.22499866260674 0.940805621966955 0.33894657929063
1.22680996229025 0.941418012498132 0.337241942356235
1.22862067986319 0.942027119096749 0.335536747360266
1.23043082026973 0.942632944394091 0.333830996296684
1.23224038843757 0.943235490995222 0.332124691155587
1.23404938927803 0.943834761479115 0.330417833923248
1.23585782768626 0.944430758398796 0.328710426582148
1.23766570854139 0.945023484281478 0.327002471111011
1.23947303670667 0.945612941628696 0.32529396948484
1.24127981702967 0.94619913291644 0.323584923674948
1.2430860543424 0.946782060595285 0.321875335648994
1.24489175346148 0.947361727090522 0.320165207371017
1.2466969191883 0.947938134802291 0.318454540801466
1.24850155630918 0.948511286105697 0.316743337897241
1.25030566959551 0.949081183350949 0.315031600611717
1.2521092638039 0.949647828863473 0.313319330894785
1.25391234367635 0.950211224944041 0.311606530692876
1.25571491394037 0.950771373868891 0.309893201949004
1.25751697930916 0.951328277889846 0.30817934660279
1.25931854448174 0.951881939234431 0.306464966590497
1.2611196141431 0.952432360105995 0.304750063845064
1.26292019296433 0.952979542683822 0.303034640296133
1.2647202856028 0.953523489123249 0.301318697870087
1.26651989670226 0.954064201555775 0.299602238490075
1.26831903089303 0.954601682089176 0.297885264076048
1.27011769279208 0.955135932807615 0.296167776544789
1.27191588700323 0.955666955771752 0.294449777809941
1.27371361811725 0.956194753018848 0.292731269782043
1.27551089071202 0.956719326562876 0.291012254368555
1.27730770935263 0.957240678394624 0.289292733473893
1.27910407859158 0.957758810481801 0.287572708999457
1.28090000296884 0.958273724769136 0.285852182843662
1.28269548701206 0.958785423178486 0.284131156901968
1.28449053523663 0.95929390760893 0.282409633066906
1.28628515214586 0.959799179936872 0.280687613228116
1.2880793422311 0.960301242016138 0.278965099272367
1.28987310997187 0.960800095678073 0.277242093083594
1.29166645983596 0.961295742731638 0.275518596542922
1.29345939627962 0.961788184963501 0.273794611528698
1.29525192374763 0.962277424138134 0.27207013991652
1.29704404667345 0.962763461997905 0.270345183579262
1.29883576947936 0.963246300263166 0.268619744387107
1.30062709657655 0.963725940632347 0.266893824207575
1.30241803236527 0.964202384782043 0.265167424905548
1.30420858123495 0.964675634367101 0.2634405483433
1.30599874756431 0.965145691020709 0.261713196380528
1.30778853572151 0.96561255635448 0.259985370874376
1.30957795006424 0.966076231958537 0.258257073679463
1.31136699493983 0.966536719401596 0.256528306647914
1.31315567468544 0.96699402023105 0.254799071629383
1.31494399362808 0.967448135973051 0.253069370471084
1.31673195608481 0.967899068132586 0.251339205017817
1.31851956636281 0.968346818193561 0.249608577111996
1.32030682875951 0.968791387618879 0.247877488593675
1.32209374756272 0.969232777850514 0.246145941300572
1.32388032705072 0.969670990309592 0.244413937068104
1.32566657149239 0.970106026396462 0.242681477729406
1.32745248514731 0.970537887490774 0.24094856511536
1.3292380722659 0.970966574951549 0.239215201054622
1.33102333708951 0.971392090117256 0.237481387373649
1.33280828385052 0.971814434305879 0.235747125896725
1.33459291677249 0.972233608814991 0.234012418445983
1.33637724007022 0.97264961492182 0.232277266841437
1.33816125794992 0.973062453883321 0.230541672901007
1.33994497460926 0.973472126936243 0.22880563844054
1.34172839423752 0.973878635297195 0.22706916527384
1.34351152101568 0.974281980162711 0.225332255212693
1.34529435911652 0.974682162709319 0.223594910066893
1.34707691270475 0.975079184093601 0.221857131644263
1.34885918593709 0.975473045452256 0.220118921750689
1.35064118296239 0.975863747902166 0.218380282190134
1.35242290792175 0.976251292540456 0.216641214764675
1.35420436494859 0.976635680444552 0.214901721274518
1.35598555816877 0.977016912672243 0.213161803518028
1.3577664917007 0.97739499026174 0.211421463291754
1.35954716965545 0.977769914231735 0.209680702390452
1.36132759613681 0.978141685581453 0.207939522607111
1.36310777524145 0.978510305290715 0.206197925732976
1.36488771105897 0.978875774319989 0.204455913557573
1.36666740767205 0.979238093610445 0.202713487868737
1.3684468691565 0.979597264084012 0.200970650452628
1.37022609958139 0.979953286643427 0.199227403093766
1.37200510300914 0.980306162172287 0.197483747575047
1.37378388349564 0.980655891535107 0.195739685677768
1.3755624450903 0.98100247557736 0.193995219181656
1.3773407918362 0.981345915125537 0.192250349864887
1.37911892777016 0.981686210987187 0.190505079504112
1.38089685692284 0.982023363950972 0.188759409874481
1.38267458331884 0.982357374786711 0.187013342749664
1.3844521109768 0.982688244245428 0.185266879901879
1.38622944390947 0.983015973059394 0.183520023101913
1.38800658612385 0.983340561942177 0.181772774119144
1.38978354162126 0.983662011588686 0.180025134721569
1.39156031439743 0.983980322675209 0.178277106675823
1.39333690844258 0.984295495859461 0.176528691747205
1.39511332774157 0.984607531780624 0.174779891699698
1.39688957627394 0.984916431059389 0.173030708295997
1.398665658014 0.985222194297996 0.171281143297529
1.40044157693098 0.985524822080272 0.169531198464476
1.40221733698906 0.985824314971673 0.167780875555799
1.4039929421475 0.986120673519321 0.166030176329261
1.4057683963607 0.986413898252039 0.164279102541449
1.40754370357833 0.986703989680394 0.162527655947798
1.40931886774539 0.986990948296724 0.160775838302611
1.41109389280231 0.987274774575184 0.159023651359088
1.41286878268506 0.98755546897177 0.15727109686934
1.41464354132519 0.987833031924361 0.15551817658442
1.41641817264998 0.988107463852748 0.153764892254339
1.41819268058248 0.988378765158667 0.152011245628093
1.41996706904164 0.988646936225833 0.150257238453683
1.42174134194235 0.988911977419969 0.148502872478139
1.42351550319559 0.989173889088835 0.146748149447541
1.42528955670846 0.989432671562261 0.144993071107041
1.42706350638431 0.989688325152175 0.14323763920089
1.42883735612279 0.989940850152628 0.141481855472452
1.43061110981998 0.990190246839828 0.139725721664233
1.43238477136844 0.990436515472161 0.137969239517901
1.43415834465733 0.99067965629022 0.136212410774309
1.43593183357246 0.990919669516831 0.134455237173514
1.4377052419964 0.991156555357075 0.132697720454802
1.43947857380856 0.991390313998317 0.130939862356711
1.4412518328853 0.991620945610225 0.129181664617049
1.44302502309995 0.991848450344795 0.12742312897292
1.44479814832299 0.992072828336372 0.125664257160743
1.44657121242204 0.992294079701676 0.123905050916277
1.44834421926201 0.992512204539816 0.122145511974639
1.45011717270517 0.992727202932315 0.120385642070329
1.45189007661121 0.992939074943127 0.118625442937249
1.45366293483735 0.993147820618661 0.11686491630873
1.45543575123844 0.99335343998779 0.115104063917546
1.45720852966699 0.99355593306188 0.113342887495943
1.45898127397331 0.993755299834796 0.111581388775655
1.46075398800554 0.993951540282927 0.109819569487932
1.46252667560981 0.994144654365197 0.108057431363555
1.46429934063023 0.994334642023082 0.106294976132862
1.46607198690904 0.994521503180622 0.104532205525767
1.46784461828669 0.994705237744438 0.102769121271784
1.46961723860188 0.994885845603743 0.101005725100048
1.47138985169169 0.995063326630356 0.0992420187393351
1.47316246139163 0.995237680678713 0.0974780039180845
1.47493507153574 0.995408907585877 0.0957136823644217
1.47670768595666 0.99557700717155 0.0939490558061784
1.47848030848573 0.995741979238086 0.0921841259709143
1.48025294295307 0.995903823570493 0.090418894585939
1.48202559318765 0.996062539936448 0.0886533633783332
1.48379826301735 0.996218128086304 0.0868875340749703
1.48557095626912 0.996370587753093 0.0851214084025376
1.48734367676896 0.996519918652542 0.083354988087558
1.48911642834209 0.996666120483068 0.0815882748564118
1.49088921481298 0.996809192925792 0.0798212704353572
1.49266204000545 0.996949135644542 0.0780539765505526
1.49443490774274 0.997085948285854 0.0762863949280778
1.49620782184762 0.99721963047898 0.0745185272939552
1.49798078614243 0.997350181835889 0.0727503753741715
1.4997538044492 0.997477601951269 0.0709819408946989
1.5015268805897 0.997601890402532 0.0692132255815169
1.50330001838555 0.997723046749811 0.0674442311606333
1.50507322165828 0.997841070535964 0.0656749593581059
1.50684649422941 0.99795596128657 0.0639054119000638
1.50861983992056 0.998067718509934 0.0621355905127288
1.5103932625535 0.998176341697083 0.0603654969224373
1.51216676595024 0.998281830321761 0.058595132855661
1.51394035393312 0.998384183840432 0.0568245000390288
1.51571403032489 0.998483401692274 0.0550536001993485
1.51748779894877 0.998579483299177 0.0532824350636276
1.51926166362855 0.998672428065734 0.0515110063590953
1.5210356281887 0.998762235379244 0.0497393158132238
1.52280969645438 0.998848904609698 0.04796736515375
1.52458387225158 0.998932435109781 0.0461951561086966
1.52635815940719 0.999012826214859 0.0444226904063942
1.52813256174906 0.999090077242973 0.0426499697755021
1.52990708310609 0.999164187494833 0.0408769959450308
1.53168172730835 0.999235156253808 0.0391037706443625
1.53345649818709 0.999302982785917 0.0373302956032737
1.53523139957488 0.99936766633982 0.0355565725519562
1.53700643530567 0.999429206146805 0.0337826032210389
1.53878160921487 0.999487601420778 0.0320083893416093
1.54055692513943 0.999542851358255 0.0302339326452355
1.54233238691795 0.999594955138344 0.0284592348639876
1.54410799839069 0.999643911922735 0.0266842977304597
1.54588376339976 0.999689720855686 0.0249091229777911
1.5476596857891 0.99973238106401 0.0231337123396888
1.54943576940461 0.999771891657056 0.0213580675504487
1.55121201809424 0.999808251726699 0.0195821903449777
1.55298843570805 0.999841460347322 0.0178060824588156
1.5547650260983 0.999871516575796 0.0160297456281567
1.55654179311953 0.999898419451468 0.014253181589872
1.55831874062866 0.999922167996139 0.0124763920815309
1.56009587248505 0.999942761214046 0.0106993788414236
1.56187319255058 0.999960198091847 0.00892214360858233
1.56365070468975 0.999974477598594 0.00714468812280432
1.56542841276978 0.999985598685719 0.00536701412467317
1.56720632066063 0.999993560287008 0.00358912335558131
1.56898443223516 0.999998361318584 0.00181101755775204
1.57076275136915 1.00000000067888 3.26984742617473E-05
1.57254128194173 0.999998477248615 -0.0017458321512397
1.57432002783441 0.99999378989078 -0.00352457257348798
1.57609899293239 0.999985937450603 -0.00530352104675634
1.57787818112409 0.999974918755529 -0.00708267582435982
1.57965759630132 0.999960732615193 -0.00886203515863888
1.58143724235932 0.999943377821394 -0.0106415973009406
1.58321712319687 0.999922853148068 -0.0124213605015987
1.58499724271636 0.999899157351261 -0.0142013230099121
1.58677760482389 0.999872289169101 -0.0159814830741237
1.58855821342935 0.999842247321766 -0.017761838941398
1.59033907244651 0.999809030511459 -0.0195423888577987
1.59212018579307 0.999772637422377 -0.0213231310682664
1.59390155739082 0.999733066720675 -0.0231040638165961
1.59568319116566 0.999690317054442 -0.0248851853454139
1.59746509104772 0.999644387053663 -0.0266664938961546
1.59924726097142 0.999595275330188 -0.0284479877090385
1.60102970487559 0.999542980477701 -0.0302296650230488
1.60281242670354 0.999487501071681 -0.032011524075908
1.60459543040312 0.999428835669372 -0.0337935631040552
1.60637871992688 0.999366982809741 -0.0355757803426226
1.60816229923206 0.99930194101345 -0.0373581740254126
1.60994617228079 0.999233708782812 -0.0391407423848742
1.61173034304006 0.999162284601758 -0.0409234836520796
1.6135148154819 0.999087666935795 -0.0427063960567009
1.61529959358344 0.999009854231969 -0.0444894778269867
1.61708468132698 0.998928844918827 -0.046272727189738
1.6188700827001 0.998844637406371 -0.0480561423702852
1.62065580169573 0.998757230086023 -0.0498397215924638
1.62244184231229 0.99866662133058 -0.0516234630785911
1.62422820855371 0.998572809494172 -0.053407365049442
1.62601490442958 0.998475792912219 -0.0551914257242251
1.62780193395519 0.998375569901385 -0.0569756433205587
1.62958930115166 0.998272138759536 -0.058760016054447
1.63137701004604 0.998165497765695 -0.0605445421402554
1.63316506467134 0.998055645179992 -0.0623292197906866
1.6349534690667 0.997942579243621 -0.0641140472167561
1.63674222727743 0.99782629817879 -0.0658990226277682
1.63853134335512 0.997706800188674 -0.0676841442312907
1.64032082135773 0.997584083457364 -0.0694694102331312
1.64211066534969 0.99745814614982 -0.0712548188373119
1.64390087940199 0.997328986411818 -0.0730403682460449
1.64569146759227 0.997196602369899 -0.0748260566597075
1.64748243400494 0.997060992131318 -0.0766118822768173
1.64927378273122 0.996922153783989 -0.0783978432940071
1.65106551786931 0.996780085396434 -0.0801839379059996
1.65285764352441 0.996634785017726 -0.0819701643055827
1.65465016380889 0.996486250677437 -0.0837565206835836
1.65644308284231 0.996334480385576 -0.0855430052288438
1.65823640475159 0.99617947213254 -0.0873296161281937
1.66003013367107 0.99602122388905 -0.0891163515664265
1.66182427374261 0.995859733606096 -0.0909032097262731
1.66361882911568 0.995694999214875 -0.0926901887883758
1.66541380394749 0.995527018626736 -0.094477286931263
1.66720920240307 0.995355789733114 -0.0962645023313224
1.66900502865537 0.995181310405469 -0.0980518331627757
1.67080128688534 0.995003578495228 -0.0998392775976519
1.6725979812821 0.994822591833716 -0.101626833805761
1.67439511604294 0.994638348232095 -0.103414499954668
1.67619269537353 0.994450845481298 -0.105202274209666
1.67799072348794 0.994260081351964 -0.106990154733749
1.67978920460876 0.994066053594373 -0.108778139687587
1.68158814296726 0.993868759938371 -0.110566227229496
1.6833875428034 0.993668198093313 -0.112354415515415
1.68518740836603 0.993464365747983 -0.114142702698874
1.68698774391291 0.99325726057053 -0.115931086930972
1.6887885537109 0.993046880208398 -0.117719566360346
1.69058984203599 0.992833222288248 -0.119508139133146
1.69239161317345 0.99261628441589 -0.121296803393002
1.69419387141792 0.992396064176208 -0.123085557281006
1.69599662107354 0.992172559133087 -0.124874398935673
1.69779986645404 0.991945766829334 -0.126663326492923
1.69960361188283 0.991715684786604 -0.128452338086044
1.70140786169318 0.991482310505323 -0.130241431845671
1.70321262022823 0.991245641464607 -0.132030605899753
1.7050178918412 0.991005675122186 -0.133819858373528
1.70682368089544 0.990762408914323 -0.13560918738949
1.70862999176454 0.99051584025573 -0.137398591067364
1.71043682883249 0.99026596653949 -0.139188067524075
1.71224419649375 0.99001278513697 -0.140977614873719
1.7140520991534 0.989756293397742 -0.142767231227536
1.7158605412272 0.989496488649493 -0.144556914693876
1.71766952714179 0.98923336819794 -0.146346663378176
1.7194790613347 0.988966929326745 -0.148136475382924
1.72128914825458 0.988697169297425 -0.149926348807631
1.72309979236123 0.988424085349266 -0.151716281748804
1.72491099812576 0.988147674699228 -0.153506272299912
1.7267227700307 0.987867934541857 -0.155296318551359
1.72853511257013 0.987584862049193 -0.157086418590448
1.73034803024978 0.987298454370676 -0.158876570501359
1.73216152758716 0.98700870863305 -0.160666772365109
1.73397560911171 0.986715621940272 -0.162457022259528
1.73579027936487 0.986419191373411 -0.164247318259224
1.73760554290026 0.986119413990554 -0.166037658435553
1.73942140428376 0.985816286826705 -0.167828040856588
1.74123786809366 0.985509806893687 -0.169618463587084
1.74305493892078 0.985199971180038 -0.171408924688453
1.74487262136859 0.984886776650915 -0.173199422218725
1.74669092005336 0.984570220247984 -0.174989954232518
1.74850983960427 0.98425029888932 -0.176780518781009
1.75032938466354 0.983927009469302 -0.178571113911896
1.75214955988656 0.983600348858503 -0.180361737669369
1.75397036994205 0.983270313903586 -0.182152388094076
1.75579181951215 0.982936901427192 -0.183943063223089
1.75761391329257 0.982600108227833 -0.185733761089873
1.75943665599274 0.982259931079777 -0.187524479724248
1.76126005233593 0.981916366732939 -0.189315217152361
1.76308410705938 0.981569411912765 -0.191105971396649
1.76490882491447 0.981219063320119 -0.192896740475802
1.7667342106668 0.980865317631163 -0.194687522404736
1.76856026909639 0.980508171497243 -0.196478315194552
1.77038700499779 0.980147621544769 -0.198269116852502
1.77221442318021 0.979783664375097 -0.200059925381958
1.7740425284677 0.979416296564403 -0.201850738782374
1.77587132569927 0.979045514663563 -0.203641555049248
1.777700819729 0.97867131519803 -0.205432372174093
1.77953101542627 0.978293694667708 -0.207223188144395
1.78136191767581 0.977912649546824 -0.209014000943579
1.78319353137794 0.9775281762838 -0.210804808550976
1.78502586144865 0.977140271301126 -0.212595608941778
1.78685891281976 0.976748930995226 -0.214386400087013
1.78869269043911 0.976354151736329 -0.216177179953496
1.79052719927067 0.975955929868332 -0.2179679465038
1.79236244429472 0.975554261708667 -0.219758697696217
1.794198430508 0.975149143548165 -0.221549431484716
1.79603516292382 0.974740571650915 -0.223340145818912
1.79787264657231 0.974328542254129 -0.225130838644019
1.7997108865005 0.973913051567997 -0.226921507900821
1.80154988777249 0.973494095775547 -0.228712151525626
1.80338965546965 0.973071671032498 -0.230502767450231
1.80523019469073 0.972645773467122 -0.23229335360188
1.80707151055209 0.972216399180085 -0.234083907903227
1.80891360818777 0.971783544244311 -0.235874428272295
1.81075649274976 0.971347204704821 -0.237664912622434
1.81260016940807 0.970907376578591 -0.239455358862286
1.814444643351 0.97046405585439 -0.241245764895737
