0 0 1
0.1 0.0998334166666667 0.995004166185897
0.3 0.295520215182688 0.95533654752419
0.7 0.644219122138241 0.764845679925334
1.15020428496687 0.912855592350299 0.408308762184094
1.6129919450521 0.999129198431481 -0.0421769948988043
2.08337415182329 0.871512871428107 -0.490430131994165
2.53764320982343 0.567928817959189 -0.823121019391676
3.00610259577155 0.135098421469084 -0.99087722872083
3.48142375008196 -0.333326698672004 -0.942869068965721
3.96044432150743 -0.730392394734878 -0.683122337556684
4.44403332201561 -0.964273244909706 -0.265194008817878
4.96471404461251 -0.968432600167348 0.249644269424081
5.48117948337727 -0.718859272598552 0.695310709791059
6.00574684544418 -0.27397552630445 0.961866793587729
6.28318530717959 -5.02932525285882E-05 1.00012555409633
