10 0.324602583357475 0.00715770393159199
20 0.246793406236481 0.0250445790258307
30 0.188111386078328 0.137856579830762
40 0.151220999844583 0.186767266111718
50 0.131368873565738 0.012287969870614
60 0.122728195327882 0.00656519663883204
70 0.112564402088786 0.0046826200880683
80 0.105069663225833 0.0236398697001485
90 0.0972001047268915 0.0542673429620786
100 0.0907197845565822 0.0632342915762196
110 0.0865274806863701 0.0864589333486721
120 0.0832594394662945 0.112540065986407
130 0.0837594179014632 0.0294562434984087
140 0.0817218957165522 0.014129229711926
150 0.0787772673425268 0.00880637792015015
160 0.0761295454708641 0.0132127569887213
170 0.0752604223510606 0.0278829477760683
180 0.0730369647742016 0.0316857367888801
190 0.0723186650926689 0.0607325909164924
200 0.0702385700255724 0.0671313892062828
210 0.0690882814284262 0.051484563228051
220 0.0668749668731423 0.055963621267642
230 0.065218179359272 0.0507076577933454
240 0.0636740511248682 0.0224190093540295
250 0.0620072578596233 0.0168245698219405
260 0.0604338465022647 0.00483673511062821
270 0.0594780954828653 0.000615846140543663
280 0.0585481322515633 0.012923374933961
290 0.0577716818923019 0.0112784107216029
300 0.056628801716844 0.000428381343135609
310 0.0552728071643731 0.0046709261195006
320 0.0544957093504123 0.00742861173415221
330 0.0537801192951149 0.00023316308893806
340 0.053226432302599 0.011354602106938
350 0.0521117725160987 0.0161542391474965
360 0.0511024426264724 0.015358500063742
370 0.0505847808861134 0.018805675374856
380 0.0499544471059996 0.0187265191786015
390 0.0490775888389222 0.0259546811666884
400 0.0483964422398358 0.0294293646688839
410 0.0476096170248872 0.0365124813100373
420 0.0470696051904276 0.0302152850821078
430 0.046891726914775 0.0282244753735243
440 0.0464508833908636 0.0381361685210591
450 0.0466352674964854 0.0339689448827043
460 0.0464640030999141 0.0369318083746064
470 0.045153376052364 0.0359283008466886
480 0.0449253460917293 0.0279511580566902
490 0.0445321525191235 0.0321036441104834
500 0.0441663935224107 0.0313091114822028
510 0.0437167734101929 0.0360138102012404
520 0.0433237576636986 0.0292302596734562
530 0.0430077366047014 0.0270137354827207
540 0.0424169601059784 0.0319717353101279
550 0.0419358062194956 0.0386358688409976
560 0.0414014755978323 0.0354122341542471
570 0.040931776549014 0.0371458070427044
580 0.0404836169600292 0.00234749578080962
590 0.0399784161080459 0.00668206550588013
600 0.03957349610023 0.00131494165175994
610 0.0390802145864601 0.005807742406021
620 0.0388358881267378 0.00389009537852281
630 0.038401394406324 0.00018105329594631
640 0.0382426467069948 0.00617958236203475
650 0.0378202734680521 0.00787596970698323
660 0.0374827001855804 0.00558756404025429
670 0.0371009771286021 0.00148048508977094
680 0.0368726495440394 0.00350910165059193
690 0.0374848075600414 0.091390120338871
700 0.0372312837159648 0.0851151802750438
710 0.0369306261515252 0.0811705317119631
720 0.0365523408480559 0.0793190178073679
730 0.0362101153840857 0.0813398082592067
740 0.0360127075653688 0.0820032795583325
750 0.0357836458618449 0.0855310340380679
760 0.0354566314486049 0.0843753596523529
770 0.0352169358396952 0.0725590527941884
780 0.0351249301572578 0.0798338898887128
790 0.0350558312153298 0.0114164137444976
800 0.034825658007402 0.0116578376843155
810 0.0345720833325034 0.00952282323304265
820 0.0343368794013174 0.00768512351077733
830 0.0340715705309228 0.00577198173570936
840 0.033881502392947 0.00652211251717372
850 0.0336214424698568 0.00523460447134916
860 0.0333534526963334 0.00450861234200794
870 0.0330225513031616 0.00559272479546702
880 0.0319854744972426 0.0755118560569823
890 0.0318170653604936 0.071704278080428
900 0.0316776993393931 0.0690973389312828
910 0.0314719046164777 0.0718672387606287
920 0.0314134908653917 0.0638600428071192
930 0.031333852679404 0.0591407333285137
940 0.0311427386502367 0.0615252307010774
950 0.030778204824563 0.0066473710555135
960 0.0306076813597854 0.00852201052834145
970 0.0304104540171488 0.00670776341286272
980 0.0302503119532697 0.00686695657436598
990 0.0305986027750163 0.00112392591068988
1000 0.0304683456440806 0.004216043903293
1010 0.0303034169576833 0.00468729424251602
1020 0.0300868871685699 0.00135470336500454
1030 0.0299302356496597 0.00268360980203575
1040 0.0297527539208655 9.79343330720361E-06
1050 0.0296216501984152 0.000749578053411248
1060 0.0296215810656501 0.00490837297170255
1070 0.029434266566624 0.00156909361004942
1080 0.0293154039821341 0.00169620452077468
1090 0.0291786483323095 0.00134510662735288
1100 0.0290172055934492 0.00271388725165478
1110 0.0288821550135129 0.00197435188063988
1120 0.0288061486504016 0.00138059310777638
1130 0.0287858848000362 0.023994784172126
1140 0.028685777655192 0.0262033884494968
1150 0.0286329919515178 0.0250383927282203
1160 0.0285195365591222 0.025234609968499
1170 0.0283665210606184 0.0193542131761031
1180 0.0283152008368729 0.0237413737013514
1190 0.0271520169083379 0.0207101022048861
1200 0.027012852759475 0.0197536361218269
1210 0.0269210290417732 0.0182761185070932
1220 0.0268729119326971 0.0186535855239525
1230 0.0267591261909358 0.0224902324977365
1240 0.0276167558583731 0.00130758404169251
1250 0.0274944679758959 0.00148954956951197
1260 0.027398228773579 0.000971016763612997
1270 0.0272260313692386 0.000231067759687509
1280 0.0271116863206921 0.000254929347198729
1290 0.0269735991846052 0.00486483888199274
1300 0.0265044773633862 0.00664050356553725
1310 0.0264387886127695 0.0083143502039098
1320 0.0263596689103611 0.00782686323287907
1330 0.0263316681751606 0.00931311846692284
1340 0.0262154216811152 0.0115241230589895
1350 0.0261344106180389 0.0121647069685977
1360 0.0256785671982603 0.011136090748658
1370 0.0256089542288275 0.00906227453719888
1380 0.0254746719895495 0.0107941939227065
1390 0.0253704382333403 0.00862016854786551
1400 0.0252758448257768 0.0120725557101977
1410 0.0251968663880879 0.0126657663758705
1420 0.0255777562558829 0.000930568274796872
1430 0.0254750244619485 0.000310151473154274
1440 0.0253921186278656 0.00349316520623066
1450 0.0253027891358328 0.00631677178766621
1460 0.025163343224923 0.0243636960129874
1470 0.0250544717818972 0.0244144322977489
1480 0.0249417254892935 0.0213212795739521
1490 0.0248124792459713 0.0191158182256792
1500 0.0247353002181933 0.0185523881529215
1510 0.0246201524407689 0.0219565640165305
1520 0.0244366907860393 0.0171956064238814
1530 0.0243280303133664 0.0157671110531554
1540 0.0242464820924682 0.0134468581035991
1550 0.0241721173038209 0.0102243396520485
1560 0.0240516853489449 0.0110515860686955
1570 0.024876213749234 0.0193581371930418
1580 0.0248229695676347 0.0208451282956459
1590 0.0247419726796932 0.023731111772465
1600 0.0246954959246862 0.0250575866464242
1610 0.0244001280368788 0.042200615343273
1620 0.0243060952476438 0.0410871650369302
1630 0.0242301594651805 0.0386278270620841
1640 0.0241281326684944 0.0346299353125932
1650 0.0240384526880864 0.0343029764704783
1660 0.0240448604410841 0.0305726941179851
1670 0.0239487810685033 0.0291301505745529
1680 0.0238699799327912 0.0290135682045107
1690 0.023820139681099 0.0286132448021525
1700 0.0237314105812396 0.0287464807016187
1710 0.0236411617739054 0.0263618642425301
1720 0.0235916986149303 0.0252942788069799
1730 0.0235029406466 0.0261454529021066
1740 0.0234263094064965 0.023052889430327
1750 0.0233350080380641 0.0222078970643722
1760 0.0222835658695162 0.0271017612283209
1770 0.0222271871313673 0.0254776493189999
1780 0.0221796993810432 0.0242472408216372
1790 0.0221381812924629 0.0243474864562923
1800 0.0226244053779389 0.0201509796625201
1810 0.0225727953983559 0.0230854812884145
1820 0.0225273537334501 0.0224133053710025
1830 0.0224765135570976 0.0220446880348444
1840 0.0225175186967609 0.0104207013703521
1850 0.0224521527674594 0.011455403082272
1860 0.0224053398096559 0.0134538808482267
1870 0.0223440927557726 0.0152813146998256
1880 0.0222925436443673 0.0137080869085904
1890 0.0222229580564554 0.0077769841282902
1900 0.0221433258621243 0.0099517949380421
1910 0.0220506470194149 0.0118547969571239
1920 0.0219911824827573 0.0129512883160632
1930 0.0219298433440751 0.0156478599539864
1940 0.0218614660767327 0.0162967993493717
1950 0.0217862417769922 0.0146468992895894
1960 0.0217499763091306 0.0120544318173876
1970 0.0214330244791487 0.0244150790702276
1980 0.0213836256391117 0.025672440520875
1990 0.0213492217888597 0.0244322289515351
2000 0.0213107519610907 0.0232413815933739
2010 0.0214961216162752 0.0129363552357353
2020 0.021419268398392 0.0117612941483762
2030 0.0213677636491025 0.0107726852994539
2040 0.0213119638817344 0.0101674906296836
2050 0.0212505146244986 0.00895940410128304
2060 0.021145404929141 0.0455189306181198
2070 0.0210880192190052 0.0449958183682502
2080 0.0210608181582775 0.0433921916347928
2090 0.0210227202065016 0.0424459635604539
2100 0.021187098622053 0.0252433765826885
2110 0.0211249193987089 0.023677061262996
2120 0.0210906308255063 0.0267983094754936
2130 0.0210615930925662 0.0187135934072185
2140 0.0210252666702781 0.0205783522635667
2150 0.0209802856869747 0.0186029620102723
2160 0.0209408419639977 0.0155843546024896
2170 0.0208724042899176 0.0339676217516325
2180 0.0208483196490942 0.0334897639181841
2190 0.020813776662094 0.0313494516650792
2200 0.0207737580688024 0.0301820346013191
2210 0.0204673092109445 0.000642857962587007
2220 0.0204155671262519 5.32304067415446E-05
2230 0.020369032521238 0.00153465844961698
2240 0.0203528024376276 0.000953462969543128
2250 0.0203427874952489 0.00272420182296429
2260 0.0202925336125441 0.00344043902805247
2270 0.0202455053622797 0.00179907882680652
2280 0.0205635371673768 0.010762563735065
2290 0.0205191030407009 0.0108512713110951
2300 0.0204525882201385 0.0116979319023298
2310 0.0204151660409921 0.0108423332620222
2320 0.0198865645119173 0.00495428304649037
2330 0.0198471259863257 0.00546813819920411
2340 0.0198134291469309 0.00495588338398401
2350 0.0200590408134179 0.0400933166374522
2360 0.0200114394545819 0.0375562904592723
2370 0.0199659325481107 0.0350517875007854
2380 0.019907590410088 0.0331085661096131
2390 0.0195849218038868 0.0294268313109214
2400 0.0195531192256526 0.0293512304233259
2410 0.0195119382698321 0.0296769303630882
2420 0.0197675295701623 0.00633762206483013
2430 0.0197430842483916 0.00363056106672
2440 0.0197005071670217 0.00281071173976022
2450 0.0196838546383683 0.0244224657036314
2460 0.0196296543631082 0.0240526107767314
2470 0.0195753338978638 0.0236680945084997
2480 0.0195208491103964 0.0237777999690809
2490 0.0194555638162199 0.00856083711577593
2500 0.0194203417365768 0.00964140637878996
2510 0.0193693581802669 0.0107952757688454
2520 0.0190557748469154 0.0336807543246396
2530 0.0190422571270999 0.0327494852273267
2540 0.0189875273579588 0.0334192299411575
2550 0.0189829432479211 8.16542094290718E-05
2560 0.0189476417680512 0.000646482048220598
2570 0.018917810817362 0.000120822787514463
2580 0.0190949062306563 0.0457638280304267
2590 0.0190584629544718 0.0444998391172029
2600 0.0190279199196032 0.0437616685399258
2610 0.0188021426257702 0.0287797595150052
2620 0.0188093177906579 0.0256852606191522
2630 0.0187699904506493 0.0263278226146637
2640 0.0188723894709059 0.0142344123614901
2650 0.0188201316205572 0.0136447325516897
2660 0.0187860701063414 0.0139173614741166
2670 0.0189496676881879 0.00129626713697184
2680 0.0189087932726253 0.00185162031471808
2690 0.0188711684700672 0.000513530598898138
2700 0.0187391798353766 0.00557599265404907
2710 0.0186969337653057 0.00574208706868218
2720 0.0186499870118098 0.0080110943096563
2730 0.0185425657699479 0.0143900338003702
2740 0.0185356154255828 0.0128147893092505
2750 0.0185052717586957 0.0115459239737374
2760 0.0184235683333113 0.00679544239212637
2770 0.0183919286760801 0.00558389772848811
2780 0.0183578163330575 0.00419626099714021
2790 0.0182355247898737 0.00829360087824549
2800 0.0181873024448713 0.00864134558696561
2810 0.0181469593870353 0.00777079763930466
2820 0.0181712931262106 0.0307883817615835
2830 0.0181274714934468 0.0314721568608753
2840 0.0180914625495596 0.0309450469773789
2850 0.0179428207068721 0.0202245826049086
2860 0.0179103236582946 0.0198952623996735
2870 0.0178842359143705 0.0209939748137176
2880 0.0178936724127913 0.011651218364285
2890 0.0178640953687172 0.0111931674893055
2900 0.0181766582461486 0.000533146276305629
2910 0.018136274919755 0.000108809126535325
2920 0.018115240946678 0.00211572257965087
2930 0.0175566893849174 0.0211305212232489
2940 0.017536842885902 0.0195262459608565
2950 0.0174906690521887 0.0201750231723752
2960 0.0179883869689584 0.0362552113876646
2970 0.0179583052762464 0.0387577250678637
2980 0.0179206061527954 0.0387301629641941
2990 0.0176947353201382 0.00922408732747715
3000 0.0176680108255231 0.00995883535112707
3010 0.0177011336438817 0.00996973252318911
3020 0.0176756221995356 0.0103566248692677
3030 0.0176675087772677 0.0125979892258401
3040 0.0178114660420038 0.00825937354010819
3050 0.0177936845086112 0.00916923192740704
3060 0.0177771506475766 0.00883664689558561
3070 0.0171616530013721 0.0183574522078174
3080 0.0171544863503344 0.0160057615360718
3090 0.0177133420038786 0.00872342763707379
3100 0.0176929708481697 0.00973502504709844
3110 0.0176579686800976 0.00879267307556675
3120 0.0175093415083387 0.00768812601140167
3130 0.0174849511263024 0.00821685258010829
3140 0.0173273219362422 0.00318395550908468
3150 0.0173026784122357 0.00269013925231176
3160 0.0172729889595211 0.00319892565011193
3170 0.0173103413460706 0.0128632005153504
3180 0.0172655320257471 0.0139287938974788
3190 0.0172349735675564 0.0154069763834088
3200 0.0169474882990302 0.00956288112754211
3210 0.0169269726940127 0.00859507382604208
3220 0.017299590485201 0.0227381021654269
3230 0.0172656131374542 0.022795134637372
3240 0.0172412605705518 0.0231397181056847
3250 0.0168732972473662 0.0182276034443452
3260 0.0168425403670508 0.0184769077082816
3270 0.016670564169601 0.0100502334572035
3280 0.0166339018582898 0.00922093730357409
3290 0.0166019299482306 0.00760517749107925
3300 0.0169210915919442 0.00168969688585063
3310 0.0168940788641068 0.000664817330943368
3320 0.0168280234152236 0.00430333034956609
3330 0.01679092959718 0.00281162678391644
3340 0.0166889654553984 0.0159027017589755
3350 0.0166670857325705 0.016431649353795
3360 0.0166348214052144 0.0175390953864931
3370 0.0167962737577828 0.0405233188670355
3380 0.0167668218736797 0.0397251995140739
3390 0.0165984802818631 0.00799240205068008
3400 0.0165832449304031 0.00689793031027186
3410 0.0166023260667053 0.00135466809543061
3420 0.0165760695370322 0.00322673273991558
3430 0.0165520868081785 0.0027824729855892
3440 0.0165314614603251 0.00567158595175554
3450 0.0165121381754984 0.00609382173145923
3460 0.0164551674564458 0.00538353369255296
3470 0.0164128457561832 0.00616290256325502
3480 0.0166405420569638 0.0196141913450261
3490 0.0166130300349767 0.0187027877251238
3500 0.0165912135281046 0.0182997436194001
3510 0.0161069258838114 0.0241536135292235
3520 0.0160818041755929 0.0238889767664476
3530 0.0161871411454879 0.013731476399087
3540 0.0161581400858676 0.0134028332620928
3550 0.0162736601458232 0.0211925825725714
3560 0.0162465294667843 0.0203886412313392
3570 0.0162221023372649 0.0194456005559076
3580 0.0161676686902924 0.00798956464078837
3590 0.0161483846387253 0.00848931899400673
3600 0.0161902978501629 0.0199362201666176
3610 0.0161632379335785 0.0198397507401611
3620 0.0162818683932382 0.0168568542551462
3630 0.0162597497556534 0.0175808548761565
3640 0.0161301555615097 0.0258306307952951
3650 0.0161018513100108 0.0252338921609918
3660 0.0160706728502737 0.0255976076179421
3670 0.0160334245124336 0.0083024316263538
3680 0.0160093084731668 0.00767782741156076
3690 0.0157400930028837 0.00169869321917426
3700 0.0157288095693812 0.00113886110969963
3710 0.0159624057280931 0.00109911165833498
3720 0.0159387710394311 0.00128243634279945
3730 0.0159198948478734 0.0184896395619727
3740 0.0159040757130535 0.0192170809226351
3750 0.0159039456033736 0.0303317063240374
3760 0.0158868822669122 0.0295843047194271
3770 0.0157274861373619 0.00650924798127406
3780 0.0157158113599378 0.00689774126941556
3790 0.0156932740089883 0.00644701463178832
3800 0.015521287252032 0.0236542302936114
3810 0.0155052138325483 0.0236119264965127
3820 0.0156096586586578 0.00532665480621564
3830 0.0155753457961687 0.00622635676090422
3840 0.0155429057223715 0.00991969670233095
3850 0.0155297658525527 0.00949192851264913
3860 0.0154454558437449 0.0188224240625812
3870 0.0154264553215284 0.0194278143728326
3880 0.0156027004942457 0.0266103961600352
3890 0.015585204610481 0.0269182211861709
3900 0.015581986677326 0.0280683373997572
3910 0.0155645114364314 0.0288360069331302
3920 0.0154971902865032 0.0232060815237596
3930 0.0154781596612907 0.0244195231787643
3940 0.0155863114191307 0.0147153425120004
3950 0.0155666190751882 0.0145275181424662
3960 0.015494004355666 0.0263221163347511
3970 0.0154734837488157 0.0264899303828465
3980 0.0152519916702747 0.00152720074825741
3990 0.0153439957095688 0.00602048311256342
4000 0.0152597188348911 0.016375301303361
4010 0.0152350595301746 0.0169560503180142
4020 0.0153869184851511 0.0102615734787248
4030 0.0153747078727585 0.011175516982836
4040 0.014921301687496 0.0337682949102205
4050 0.0149037077744724 0.034347663571749
4060 0.0153533066081554 0.00149625227169481
4070 0.0153374432552362 0.00220914598722888
4080 0.0151233158890915 0.0111530915527505
4090 0.0151071862843709 0.00972219812346142
4100 0.0150329817271094 0.00424275615453595
4110 0.0150112884841075 0.00543738319006604
4120 0.0151777880294815 0.0127524763423257
4130 0.0151613406242456 0.0125900160257488
4140 0.0149575527254128 0.00509401677040255
4150 0.0149430942750061 0.00516249014829429
4160 0.014845778977893 0.00593952664993891
4170 0.0148190718687737 0.00717123941890163
4180 0.0149965275475923 0.00910792754168122
4190 0.014982330332614 0.00986859970128484
4200 0.0148389006950966 0.00909534449638949
4210 0.0148194207520136 0.00947848870216617
4220 0.0148320968721414 0.00489470552044913
4230 0.0148231703778447 0.00494811373060711
4240 0.0146202398348546 0.0500784031895778
4250 0.0146005688904946 0.0499121469770736
4260 0.014595207348043 0.0227085679982348
4270 0.014579487908426 0.0222852184815299
4280 0.0148605884870581 0.00748205691025339
4290 0.0148449701284385 0.00822252813975877
4300 0.0147747351225468 0.00549392438636254
4310 0.0147454156696519 0.00536056846671684
4320 0.0147725278070715 0.00470087197150537
4330 0.0146558989239515 0.0162816757393511
4340 0.0146461346358876 0.0166742785169989
4350 0.0147419875864069 0.0173139969089464
4360 0.0147396903849454 0.0185454643099587
4370 0.0147959860866452 0.0365962929078978
4380 0.0147856413014302 0.0380154250856226
4390 0.0147483678788467 0.0415238919847718
4400 0.0147391909387554 0.0412930593579486
4410 0.0145242604756666 0.0130844722349561
4420 0.0145048217087118 0.0115522436324931
4430 0.01454859448528 0.00622527920410532
4440 0.0146028360794328 0.00408230009160238
4450 0.0145922401900459 0.00505231120908878
4460 0.014523954570006 0.0316830629220839
4470 0.0145064431644674 0.0318967551192693
4480 0.0143007001058517 0.0247712236775479
4490 0.0142873184189531 0.0241948451651157
4500 0.0144128336494743 0.0167793321648273
4510 0.014397380278225 0.0164522708235015
4520 0.0144292446951065 0.0125543030559927
4530 0.0144114135001701 0.0119440091946723
4540 0.0144428721005062 0.00242210576940005
4550 0.0144335782779218 0.00154255781757318
4560 0.0144205100692444 0.0016107885996739
4570 0.0141864475106489 0.00842220819226625
4580 0.014168422167688 0.00832921349790472
4590 0.0143338089474452 0.00486947216528533
4600 0.0143129772210281 0.00575315794124331
4610 0.0142108234919709 0.0325094512782071
4620 0.0141925697734443 0.032821434042595
4630 0.0140799802733892 0.0180973177049815
4640 0.0140939547654383 0.0088609994794342
4650 0.0140747467912589 0.00903606604731255
4660 0.0142056189368593 0.0100831011616922
4670 0.0141900656537402 0.00936971957057819
4680 0.0139887878139718 0.00348316236702706
4690 0.0139743346501624 0.0034662898498905
4700 0.0140857686297543 0.0143117726199087
4710 0.0142259260973208 0.00853107763777095
4720 0.0142098446687415 0.00897188714176078
4730 0.0140339401825197 0.0124214975138612
4740 0.0140152023059374 0.0125814641408453
4750 0.0140981611289692 0.00273032838964626
4760 0.0139318798108448 0.0109951240963668
4770 0.0139187089351338 0.0122604898004952
4780 0.0138524904594189 0.0235403554539788
4790 0.0138455294969581 0.0226900323304844
4800 0.0137809245025978 0.00642813569934608
4810 0.01376615208966 0.00736746094736285
4820 0.0137854790822597 0.00176512500129067
4830 0.0139295542916859 0.00421644316942738
4840 0.0139204470525311 0.00400413796556309
4850 0.0139001895652141 0.00680826390991696
4860 0.0138844259887217 0.00730163291912778
4870 0.0137722550487974 0.0116371831188613
4880 0.0136783897989154 0.00709208055005117
4890 0.0136596469000344 0.00803866818227794
4900 0.0137365253467552 0.0104933375206735
4910 0.0137183928750909 0.0102067960227372
4920 0.0138156539555503 0.0086515374293259
4930 0.013893094707801 0.00569375300975028
4940 0.0138833562615939 0.00671810058533473
4950 0.0137019608960418 0.0191343391251384
4960 0.0136887180980555 0.0184813834996695
4970 0.0137581425371501 0.00241963719921001
4980 0.0138009706792087 0.00129047201377053
4990 0.0137882952141422 0.00142899317214074
5000 0.013581873101512 0.00551043615401636
5010 0.0135652731912816 0.00491790962500072
5020 0.0137722363419956 0.003674541779211
5030 0.0138120770778111 0.00421400101611513
5040 0.0137998339830591 0.00421224596606029
5050 0.0135173551476629 0.0297084281522961
5060 0.0135190538649944 0.0134135071516825
5070 0.0135070647007102 0.0139384315832598
5080 0.0136857441164395 0.0114766486727458
5090 0.0136717934060808 0.011269611319132
5100 0.0136530197869719 0.00741333397810551
5110 0.0134175823389608 0.00155779685801161
5120 0.0133980934007314 0.00270301024411168
5130 0.0135929021163243 0.0251418896441657
5140 0.0133373179026971 0.0172195523890228
5150 0.0133259341310393 0.0160307126077299
5160 0.0134369149610868 4.28055214838352E-05
5170 0.0134309681232173 0.000269483978618146
5180 0.0134647395007214 0.00328095531433625
5190 0.0134547804034626 0.00290412037575472
5200 0.0134375639673609 0.00406437281141558
5210 0.0132817190439416 0.00261960575524323
5220 0.0133702379379271 0.0111285201535736
5230 0.0133582729072638 0.0119394941646562
5240 0.0132370989672336 0.0371923437984054
5250 0.0135191874603863 0.0225903178370184
5260 0.0135064004763828 0.0221227347358455
5270 0.013267647962357 0.026569847428036
5280 0.0133121498986898 0.00437866399823794
5290 0.0132974446373435 0.00529704176736079
5300 0.0131073058553361 0.00100077192542347
5310 0.0130992823748996 0.00234761303156805
5320 0.0132680591472641 0.0179342558268376
5330 0.0130978191674119 0.00524752481950808
5340 0.0130974947347479 0.00655343401302733
5350 0.0132190772014409 0.0144331772402122
5360 0.013222374142034 0.00916337256073874
5370 0.0132075267098895 0.00917654811509383
5380 0.0129812606457583 0.0196199636727474
5390 0.013146829803805 0.00853150186070994
5400 0.0131283761703619 0.00922829467458319
5410 0.0130318192248067 0.00029804336011896
5420 0.0130259552037579 0.0122679032860633
5430 0.0130138909181882 0.0122998638659442
5440 0.0131276901271433 0.0132438184132035
5450 0.0129890395158833 0.00167529447512149
5460 0.0129762885503015 0.00138871947053021
5470 0.0130310675789223 0.00304149684931065
5480 0.0130843506325601 0.00528030508229382
5490 0.0129962566887394 0.0105464981808419
5500 0.0130068939582683 0.00506740389585336
5510 0.0128423252444656 0.0296176112284416
5520 0.0128263245154943 0.0303893925655396
5530 0.0129214375284351 0.00722611499283832
5540 0.012955765835654 0.0216577726104503
5550 0.0129465791133928 0.0217086022854518
5560 0.0127851493688294 0.00073740581002113
5570 0.0128071070236175 0.00125547301283291
5580 0.0127935022381109 0.00162273938004587
5590 0.0130513736939444 0.00149569224506063
5600 0.012881345204962 0.0155283250467961
5610 0.012870081982102 0.0148817838481141
5620 0.0128986377287258 0.00869443660777103
5630 0.0128346545988421 0.00625333813004714
5640 0.012827540866122 0.00669102071745464
5650 0.0128543478028351 0.0100330379735893
5660 0.012801622137137 0.000556547948540542
5670 0.0127951256427209 0.00100963621258066
5680 0.0126647223127941 0.0172546648352436
5690 0.0128431172305894 0.00505740785575037
5700 0.0128359205904707 0.00442725269686317
5710 0.0127131768502694 0.00248331692416404
5720 0.0127073928660433 0.0330513854732146
5730 0.012830238954212 0.00893823493340551
5740 0.0128229927533924 0.00961003861453369
5750 0.0127238918155091 0.0108411107285438
5760 0.0128517148501263 0.00193579647842457
5770 0.012835979137206 0.00101000449593824
5780 0.0126457411369082 0.013787194698812
5790 0.012732623341261 0.0194635625078547
5800 0.0127228502880532 0.0197124818071488
5810 0.0126304306859259 0.0182046076662252
5820 0.0126075147543804 0.0107163053191881
5830 0.0127369732879444 0.0181343152529536
5840 0.0127296923444999 0.0184473918739827
5850 0.0125920312305659 0.00145312614393278
5860 0.0126761389871326 0.00834387866102837
5870 0.0126669195378024 0.00879199170325617
5880 0.0128038544474955 0.0369936194501199
5890 0.0125890299637933 0.00305965554428589
5900 0.012486724066968 0.0218813549831531
5910 0.0124733407295366 0.022712052099922
5920 0.0124714214997018 0.00950542442316649
5930 0.0123977702568513 0.011631505612665
5940 0.0127250808433594 0.0191279027182203
5950 0.0127105409051599 0.0182054583900366
5960 0.0125574114045197 0.010762440286106
5970 0.012617510845412 0.0124284171151976
5980 0.0126018283350262 0.0120118613110645
5990 0.0124253415349566 0.00103356024125079
6000 0.0124630681033505 0.00126904022035146
6010 0.012419304540862 0.00093855735415671
6020 0.0124083679098222 0.000540192003923856
6030 0.0124127655243017 0.0197763654047622
6040 0.0124687160977622 0.015724830717192
6050 0.0124243509577107 0.010031723679977
6060 0.0124177520276829 0.0104921067105233
6070 0.0123331408082726 0.000402503299838042
6080 0.0124047927569441 0.00257141485781553
6090 0.0122755276801525 0.00613717282717063
6100 0.0122638421242887 0.00622581196372618
6110 0.0124039826126882 0.0312946794089519
6120 0.0123489358523479 0.0080971714449658
6130 0.0124344830560593 0.0221901652916507
6140 0.0124242267989933 0.0215305209400962
6150 0.0122279080430254 0.0118767593822104
6160 0.0122966573601535 0.0146603364854954
6170 0.0122249561894251 0.000680028271025535
6180 0.0122139947185835 0.000709984735243197
6190 0.0123004814061809 0.0125773986967814
6200 0.0123656508522699 0.00707827801634364
6210 0.0122789175625724 0.000519054703060684
6220 0.0122721479646161 0.00123271249158607
6230 0.0122048722810544 0.00742132777625937
6240 0.0122344668863411 0.0125625166609245
6250 0.012211197652284 0.0121327120413004
6260 0.0122377884900142 0.016221123256027
6270 0.0122279875220433 0.0160748714969463
6280 0.0122644482848173 0.0115641670940627
6290 0.0121097637211933 0.00338819408673352
6300 0.0122678209839841 0.00755840828705323
6310 0.0120500546619497 6.75237408809259E-05
6320 0.0120432132768942 4.19383966305809E-05
6330 0.0121075051070882 0.00813768229741396
6340 0.0119828929393159 0.0010254483067822
6350 0.0120274664668161 0.0259732192110094
6360 0.0121084527273943 0.0022651831462861
6370 0.0120975745321178 0.00206314190985668
6380 0.0120088276587717 0.0062408223803887
6390 0.0119513654909537 0.0191467123473235
6400 0.0121578295109907 0.016884897227075
6410 0.0120676300380655 0.007684625740497
6420 0.0120579747393112 0.00881280062716128
6430 0.0121383026482773 0.00513878137131174
6440 0.0121064034171361 0.00688169160626906
6450 0.0119535833819708 0.0135544514785511
6460 0.0119402458373325 0.0136833128746896
6470 0.0121015069120652 0.00186023232162436
6480 0.0119855849033938 0.0189335913753648
6490 0.0120254628839292 0.00605230172853233
6500 0.0118935675766254 0.00401348189513984
6510 0.0118873246519437 0.00393554249811112
6520 0.0119209647408522 8.2749787332359E-05
6530 0.0119100432774688 0.0199057363702511
6540 0.0119040101934631 0.0201502141114851
6550 0.0120328122808143 0.00107894284456478
6560 0.0120287428543615 0.00479700106607894
6570 0.01208883187699 0.00583031117870991
6580 0.0118848596426958 0.00752985135410134
6590 0.0118762759800521 0.0071369391742806
6600 0.0118549022809218 9.44215638514212E-05
6610 0.0118271531462541 0.00474402479427116
6620 0.0118054180486363 0.00644831746712171
6630 0.0117978109226731 0.0259631386539185
6640 0.0117853629443049 0.0262248098521938
6650 0.0120009161903238 0.0149664019727678
6660 0.0118955235178474 0.00126315146660949
6670 0.0118884430672912 0.00197989870093651
6680 0.0118856253957602 0.000858009200332743
6690 0.0119055868099811 0.00567308271201727
6700 0.0118942690778256 0.0045837655689891
6710 0.0118908565003884 0.00914680715742255
6720 0.011746997815185 0.0107437474978287
6730 0.0118141516035132 0.00120437853145017
6740 0.0118043697585769 0.00120895900623408
6750 0.0117443358136327 0.0148601771694539
6760 0.011726054471078 0.00451615834848251
6770 0.0116510526380179 0.0268401812911976
6780 0.0118294902975481 0.0087725768046587
6790 0.0118261920266345 0.00912569418955878
6800 0.0118547464585823 0.00568990259698654
6810 0.0116796250943601 0.00606556236216038
6820 0.0117524112184383 0.000286843766455824
6830 0.0116481384248182 0.000730661227348772
6840 0.0116448200707554 0.000427788874426405
6850 0.0117139155436326 0.000551270379295143
6860 0.0117073707591321 0.0192917463939024
6870 0.0117168861975628 0.00942898344199739
6880 0.0117071034346568 0.00888514943464824
6890 0.0117887223524174 0.0194328671680364
6900 0.011628934867221 0.000249569568511188
6910 0.0116840821754653 0.0291589971379504
6920 0.0114815367433599 0.00666495344341556
6930 0.0116498235416583 0.0018165979517486
6940 0.011642912870354 0.00180468785089549
6950 0.0115746634933248 0.00240455212672597
6960 0.011613957740328 0.000137055788166585
6970 0.0115655405970302 0.000306228467502612
6980 0.0117103756375183 0.0256846912760675
6990 0.0115062418942928 0.0177841834783337
7000 0.011499083679807 0.0175259273740056
7010 0.0116288741958138 0.000261908233627928
7020 0.0115707420623803 0.00300667043749958
7030 0.0115642724383074 0.0254156538128389
7040 0.0115480603147723 0.00764302872823852
7050 0.0115380567589412 0.00739180841915532
7060 0.0114000693298338 0.0117149532783021
7070 0.0115278306141485 0.000744523259122332
7080 0.0115550834842434 0.00758199539229465
7090 0.0115487096806611 0.00863350489480363
7100 0.0114348124133735 0.0127392540072118
7110 0.0113353828420027 0.0138815883739163
7120 0.011326697939521 0.0129632475685888
7130 0.011464235869348 0.000140170112662208
7140 0.0114468791565951 0.00447145371624158
7150 0.011443707716786 0.0104642491259723
7160 0.0114357587854622 0.0103038431662124
7170 0.0115045634140518 0.00210508088312045
7180 0.0114602607221453 0.010558299210409
7190 0.011428085085319 0.00450039249499845
7200 0.0115038601545577 0.000436170871144892
7210 0.0114955873924749 0.000475460394385951
7220 0.0114629279611179 0.0141337169419538
7230 0.0113264429774942 0.00472428025941696
7240 0.0113557898683306 0.0097513073242943
7250 0.0113337216368473 0.00773152961458901
7260 0.0112528970744495 0.0243317299127042
7270 0.0112437593852093 0.024610529303033
7280 0.0114143959207886 0.00443166933125916
7290 0.0112969533050565 0.00464815071886981
7300 0.0112595974746736 0.00631372006669828
7310 0.0113168281926661 0.00502297790616701
7320 0.0113796831136459 0.00636803633981131
7330 0.0112513590127061 0.00370266180490497
7340 0.0112423914476457 0.00379179180165057
7350 0.0113377683132242 0.00854172147099153
7360 0.0112952180948293 0.0117324606746805
7370 0.0113026315127548 0.004071957866286
7380 0.0111857877318973 0.0161828619212754
7390 0.0112527073345195 0.00446618886118921
7400 0.0112429759725911 0.00404732574372746
7410 0.0111553936454084 0.0101126670462874
7420 0.011266224699502 0.000864742461031298
7430 0.011178478147387 0.00797772072354519
7440 0.0111607563857809 0.0116750377562722
7450 0.0111804871905367 0.0090723263338206
7460 0.011175559414576 0.00835846839842525
7470 0.0111883376974136 0.00155361290601919
7480 0.0112744962354253 0.00727819149716047
7490 0.0110690043094417 0.0052871166826276
7500 0.0111309494157509 0.00360424348449806
7510 0.0112008378147696 0.00849081702669108
7520 0.0111245592788732 0.00223507123596489
7530 0.0111158359825752 0.00263997326717869
7540 0.0110623561812431 0.00733641608284863
7550 0.0110679280176266 0.000972676707893472
7560 0.0111480696259183 0.0109587400522435
7570 0.0111284477736084 0.00489350332580263
7580 0.0110498754252999 0.0172764518951589
7590 0.0111680845745724 0.00106002147391981
7600 0.0111076184239238 0.00304164337266943
7610 0.0110986455462148 0.00351450235231954
7620 0.0110922905795376 0.0157480921640625
7630 0.0110621187446781 0.00298519196350489
7640 0.0109934647517262 0.00105388688316266
7650 0.0110812406866109 0.00470340342109665
7660 0.0108856312588107 0.00614891154303576
7670 0.0110360908199007 0.000146864828167947
7680 0.0110038190153353 0.00435239882869176
7690 0.011021157701151 0.0109897911943277
7700 0.011049594680998 0.00916989537377955
7710 0.0110391684095825 0.00922670335593989
7720 0.0109270993191562 0.00483488063885407
7730 0.0109834554241018 0.0116760577548516
7740 0.0108897135764422 0.00334820115973988
7750 0.0110209724934128 0.00193686910768065
7760 0.0109016313956128 0.00228797008750048
7770 0.0109343958152114 0.0103532458293882
7780 0.0109355045384945 0.0063484684758186
7790 0.0108888758546409 0.0268484699981069
7800 0.0108311246341922 0.0170410075966294
7810 0.0108225761602357 0.0172213024207344
7820 0.0109631267592066 0.00356322875760973
7830 0.0108283101436625 0.0241810079094269
7840 0.0109401998241942 0.00341787808744387
7850 0.0110159847248604 0.00730604999741447
7860 0.0107891435858786 0.0170069920671612
7870 0.0108804417678427 0.00903440382772258
7880 0.0108125276637852 0.0153045548156427
7890 0.0108696985821375 0.0126693439621328
7900 0.0109093027761036 0.00147069264296373
7910 0.0108839201530956 0.00759614907897754
7920 0.0108068423278235 0.00836499411717551
7930 0.0108466400730998 0.0107877144688131
7940 0.0108393827940805 0.0109746804818196
7950 0.0108345309404461 0.0191345396815992
7960 0.0107431911983473 0.0126208960385505
7970 0.0107701994042377 0.00579108543863027
7980 0.0107817334618528 0.0158621539767498
7990 0.0108220573347965 0.00837198950423779
8000 0.0107419503423498 0.00975875577525942
8010 0.0108202719656646 0.000433027309420631
8020 0.0108169844572206 0.00469554414581452
8030 0.0107702199784531 0.00145776474939652
8040 0.0107175882481051 0.0157931183581521
8050 0.0108012693358898 0.00621252450506971
8060 0.0107741910651611 0.00322120741226861
8070 0.01072962030692 0.00350759508325638
8080 0.0107030833888807 0.0333225901015779
8090 0.010693843684781 0.0330923868709707
8100 0.0107953522080672 0.014722961167807
8110 0.0106076163307423 0.00934856410614548
8120 0.0107382179662846 0.00222213001253024
8130 0.0107426496126641 0.022895337596657
8140 0.0107326409152589 0.0225556418059747
8150 0.0106667899090559 0.0128908220269315
8160 0.0106574438729262 0.0129236941127813
8170 0.0106018616362433 0.0108284514973533
8180 0.010813984914685 0.0126874306979607
8190 0.0106536535672539 0.0138253245842717
8200 0.0107008969441 0.00566272063058482
8210 0.0106357649155888 0.0116976852325732
8220 0.0106823620942368 5.92490580988425E-05
8230 0.0107191733702913 0.00889958638502364
8240 0.010522784128951 0.011430787955498
8250 0.0105774909753418 0.00757825548283098
8260 0.0106782831974461 0.00495900400270965
8270 0.010785853925961 0.0136286138391675
8280 0.010543063973009 0.0169465738745851
8290 0.0106404157708857 0.00345336440033295
8300 0.0105973017221788 0.0109480490564535
8310 0.0106779517660475 0.00755629824712933
8320 0.0106053621778179 0.00140382338212008
8330 0.0106297057485077 0.00122587314696787
8340 0.010632830080409 0.0126716820487589
8350 0.0105895453378616 0.00248414046076029
8360 0.0106152089682913 0.00492454525705854
8370 0.0106564533491149 0.00550295545019397
8380 0.010639714109803 0.00768969202278491
8390 0.0105477356566598 0.0159758131569945
8400 0.010638512685353 0.0183695838119906
8410 0.0105859571495329 0.0083118828027462
8420 0.0104707163118508 0.018792597297852
8430 0.0105049952690241 0.0100339969661041
8440 0.0105557657278416 0.00310329344921056
8450 0.0105063550719471 0.00296853918981066
8460 0.0105279760550577 0.00923462062858316
8470 0.0104866480206175 4.10237332111318E-05
8480 0.0103891792717757 0.0208705718193789
8490 0.0104821997996023 0.0168820875164157
8500 0.0104426927061855 0.002231705641212
8510 0.0104817702087899 0.00131137113056168
8520 0.0103901239811157 0.00891197938535893
8530 0.01038351562525 0.008656724222325
8540 0.0103769353922343 0.00645541267529248
8550 0.0104517070436676 0.00495732799372872
8560 0.0105136422873983 0.0039619329809677
8570 0.0104726355820029 0.00458729914852363
8580 0.0104573565109108 0.00564959948291355
8590 0.0103503014756769 0.00655664897505415
8600 0.0104897448860686 0.00934389751910469
8610 0.010314315241413 0.0126307846012623
8620 0.0104489076772628 0.00452432189177698
8630 0.0103759535544758 0.0103042020922515
8640 0.0102888153252822 0.0218442980412785
8650 0.0104543981304739 0.00916268938959641
8660 0.0103579152568839 0.0146342622394871
8670 0.0103424513352585 0.0148940804069224
8680 0.0103775718953558 0.0108004887088589
8690 0.0103580739841795 0.0115059758174634
8700 0.0103556346582618 0.00280950359992982
8710 0.0105184660183611 0.011089968036976
8720 0.0103150631389977 0.00993334677515589
8730 0.0103511878640184 0.00470627581467298
8740 0.0102978660677388 0.000644440331946328
8750 0.0102933336701815 0.000186632404039155
8760 0.0102870064491842 0.0110975476701702
8770 0.010338209566614 0.00647467419393521
8780 0.0102846608753335 0.00337216309159416
8790 0.0103508941872048 0.00373678128973065
8800 0.0103875201558383 0.0234946874470663
8810 0.0102917886507112 0.00425694072317162
8820 0.0102224115861577 0.000962884504971839
8830 0.0101369587049384 0.00885231290707145
8840 0.0103249331819813 0.0177924046900579
8850 0.0102516359431362 0.00251099936440879
8860 0.010283161845705 0.00655866720822806
8870 0.010183941208722 0.00318295067724206
8880 0.0101353549929641 0.00807025867003297
8890 0.0101595836259149 0.0156804556624408
8900 0.0102511227137004 0.0100002578384424
8910 0.0102571756185498 0.00885762023680758
8920 0.0101812773854683 0.0110969096079374
8930 0.0102998775587089 0.0200864466295096
8940 0.0101895928423637 0.0151776147665381
8950 0.0102580651595309 0.0320452656131767
8960 0.0102780493760519 0.00834563806176081
8970 0.0102120993650882 0.000657519628872727
8980 0.0101678243247732 0.00439345584320483
8990 0.0101880174856826 0.00240865038817284
9000 0.0101555920196125 0.00109371182663232
9010 0.0102208550857456 0.0133639044131979
9020 0.0101236832715276 0.0143953114543249
9030 0.0101571597565554 0.000600031142802937
9040 0.0101690446391274 0.000226488417793824
9050 0.0101637887481186 0.00869076247463907
9060 0.0101677673626221 9.59627484264924E-05
9070 0.0101497952271508 0.00330968673283727
9080 0.0101430281887074 0.00300064939075306
9090 0.0101138470444572 0.00182375954991088
9100 0.00998302576475447 0.022693451991231
9110 0.0100870681564631 0.0113705942058848
9120 0.010104868065213 0.000570671613814078
9130 0.0101365000124094 0.00269880495637609
9140 0.0101175377059473 0.000498098719973417
9150 0.0101098884809349 0.00543984923665919
9160 0.0100070805420004 0.00529825618075686
9170 0.0100062343278873 0.0178866565086802
9180 0.0100464158171187 0.0113593231933835
9190 0.0100389690716494 0.0107690640645932
9200 0.0100846010013181 0.0091881638135658
9210 0.010080502247464 0.00722161471978922
9220 0.0100660649839871 0.0138225189422194
9230 0.0100129284148946 0.00113770796468238
9240 0.00998041924693765 0.00653744470414619
9250 0.0100243531346205 0.00170053451656838
9260 0.0099561730257098 0.00397864191220343
9270 0.0100548026050981 0.00673431649875988
9280 0.0100049804283799 0.00571195122503654
9290 0.0099892117809483 0.0100770063325295
9300 0.0100645272000616 0.00193488089952165
9310 0.0100499206807184 0.00312137188987194
9320 0.00996847981825805 0.0146613005296365
9330 0.0100705916394965 0.010712072387415
9340 0.0100365956617239 0.0178378101765735
9350 0.0100082520603113 0.0139090207782662
9360 0.00995808332820229 0.011034787496031
9370 0.00993813234740545 0.00616802766076852
9380 0.00999718095010836 0.00146129972231623
9390 0.0100292169897951 0.0141071976983531
9400 0.0100147519222079 0.000304593878359238
9410 0.00998111512721323 0.00149958745449741
9420 0.00997633143647857 0.00922901690773736
9430 0.00986585896478693 0.00347885138979342
9440 0.00991622896973958 0.00183984874991694
9450 0.00995802222192889 0.000193677040552398
9460 0.00988301289839144 0.0148317117204191
9470 0.00996133427662593 0.0101456177714994
9480 0.00995352663938365 0.00946508112699318
9490 0.00991261483265158 0.0179016908392922
9500 0.00994858903658603 0.00215112104356319
9510 0.00986668793918835 0.00311792028368529
9520 0.00991651247059943 0.0124917220391352
9530 0.00988543033392743 0.00158202400179275
9540 0.00981316450905961 0.0086553533138376
9550 0.00989829678138768 7.22991540418327E-05
9560 0.00982197930401028 0.00564695073630439
9570 0.00986553606588811 0.00489820801454588
9580 0.00985018498890861 0.014812322279544
9590 0.00987250903611458 0.0010529713196743
9600 0.00987848917364831 0.00140556420389437
9610 0.00995434530138779 0.0187175399894433
9620 0.00990022266891993 0.00536784727084672
9630 0.00989952550898132 0.0091148528693823
9640 0.00989286863768367 0.00864104064751015
9650 0.00986560170022405 0.00892373240248467
9660 0.00982020200253629 0.00867880912734798
9670 0.0098435623710718 0.00267058796662489
9680 0.00974228858803072 0.0129343958588128
9690 0.00986675978279669 0.0020486849250041
9700 0.00978104045047009 0.00873809928937797
9710 0.00979722520874133 0.00026782422638405
9720 0.00981487623243478 0.00475613135176434
9730 0.00976281775236251 0.0201369834531864
9740 0.00987400402696617 0.0202477125969354
9750 0.00978395498144377 0.00155736253118066
9760 0.00976728629908993 0.000835348809678838
9770 0.00981778031149145 0.00845659628133122
9780 0.00978556764767641 0.00672726679176971
9790 0.00982528718240185 0.0272678107360305
9800 0.0097289443579914 0.00337911221123566
9810 0.00973182131222713 0.0015538000067834
9820 0.009719515755029 0.000724217058536869
9830 0.00979801647757828 0.00445688845356829
9840 0.0097108287130702 0.00547165244018188
9850 0.00969656035999284 0.000633955849590251
9860 0.00973101705012089 0.00369223869395441
9870 0.0097638148512996 0.00230162978235704
9880 0.00974886008882748 0.00228594728578857
9890 0.00977824797383949 0.00243665218504296
9900 0.00972973560610028 0.00292333225089148
9910 0.00972075539277163 0.00403652308219904
9920 0.00962504968735345 0.013028026381892
9930 0.00965126598331433 0.00811547262937085
9940 0.00973606910718627 0.0157394614863897
9950 0.00965239940388378 0.00445406595045217
9960 0.00974413769160571 0.0159788591676722
9970 0.00974051405490876 0.00730164789310983
9980 0.00965538347571632 0.000922714925622126
9990 0.00975408064990902 0.00702450033724866
