1.0366329284377 -0.0200606074297941
1.07460782832132 -0.0386451660298265
1.1139738599948 -0.0556548439097149
1.15478198468946 -0.0709852488196127
1.19708503049573 -0.0845261667431113
1.24093776075172 -0.0961612773576645
1.28639694493697 -0.105767856758478
1.33352143216332 -0.113216466882397
1.3823722273579 -0.118370631043235
1.43301257023696 -0.121086494963793
1.48550801717278 -0.12121247266265
1.53992652605949 -0.118588876525748
1.59633854428794 -0.113047530863377
1.65481709994318 -0.104411368223
1.71543789634288 -0.0924940076966146
1.77827941003892 -0.0770993144287525
1.84342299240911 -0.0580209394971779
1.91095297497044 -0.0350418393029927
1.98095677855034 -0.007933773570175
2.05352502645715 0.0235432146670795
2.12875166179637 0.0596413641643254
2.20673406908459 0.100625740928957
2.2875732003184 0.146774853437697
2.37137370566166 0.198381271959195
2.4582440689202 0.25575228004155
2.54829674797935 0.319210554846966
2.64164832038609 0.389094877584602
2.73841963426436 0.465760875344867
2.83873596475875 0.549581795692944
2.94272717620928 0.640949315435757
3.05052789026703 0.740274380710955
3.16227766016838 0.847988106172003
3.27812115139346 0.964542668525542
3.39820832894256 1.0904122855511
3.5226946514731 1.22609421446835
3.65174127254838 1.37210979891892
3.78551524925863 1.52900556181448
3.92418975848454 1.69735434601032
4.06794432108305 1.87775650056819
4.21696503428582 2.07084114077822
4.37144481261109 2.27726741806815
4.53158363760082 2.49772589155831
4.69758881670649 2.73293993554292
4.86967525165863 2.98366721307249
5.04806571666747 3.25070120922636
5.23299114681495 3.53487285324837
5.42469093701133 3.83705216499947
5.62341325190349 4.15815002019528
5.82941534713607 4.49911996752941
6.04296390238133 4.860960125065
6.26433536656886 5.24471518099904
6.49381631576211 5.65147843421987
6.73170382414498 6.0823939710345
6.97830584859866 6.53865891062933
7.23394162736675 7.0215257484726
7.49894209332456 7.53230482047141
7.77365030238776 8.07236683130667
8.05842187761482 8.64314553029343
8.35362546957826 9.24614050176755
8.65964323360065 9.88292003290888
8.97687132447314 10.5551241531999
9.30572040929699 11.2644677745216
9.64661619911199 12.0127439900648
10 12.8018274736111
10.366329284377 13.6336780662373
10.7460782832132 14.5103444935006
11.139738599948 15.4339682456085
11.5478198468946 16.4067876226587
11.9708503049573 17.4311419518319
12.4093776075172 18.5094759837068
12.8639694493697 19.6443444751585
13.3352143216332 20.8384169666106
13.823722273579 22.0944827617262
14.3301257023696 23.4154561179599
14.8550801717278 24.8043816567333
15.3992652605949 26.2644400023584
15.9633854428794 27.798953659207
16.5481709994318 29.4113931370107
17.1543789634288 31.1053833345856
17.7827941003892 32.8847101926901
18.4342299240911 34.7533276271696
19.1095297497044 36.7153647539909
19.8095677855034 38.775133418249
20.5352502645715 40.9371360397182
21.2875166179637 43.2060737880354
22.0673406908459 45.586855101136
22.875732003184 48.0846045611193
23.7137370566166 50.7046721422985
24.582440689202 53.4526428467901
25.4829674797935 56.3343467436255
26.4164832038609 59.3558694280178
27.3841963426436 62.5235629180919
28.3873596475875 65.8440570070936
29.4272717620928 69.3242710898239
30.5052789026703 72.9714264828077
31.6227766016838 76.7930592584992
32.7812115139346 80.797033614652
33.9820832894256 84.9915558008369
35.226946514731 89.385188624988
36.5174127254838 93.9868665637816
37.8551524925863 98.8059115016207
39.2418975848454 103.852049124002
40.6794432108305 109.135425992087
42.1696503428582 114.666627326387
43.7144481261109 120.4566955286
45.3158363760082 126.517149471817
46.9758881670649 132.860004590534
48.6967525165863 139.497793803182
50.4806571666747 146.443589301212
52.3299114681495 153.711025240137
54.2469093701133 161.31432136939
56.2341325190349 169.268307639306
58.2941534713607 177.588449825125
60.4296390238133 186.290876209509
62.6433536656886 195.392405366715
64.9381631576211 204.91057509336
67.3170382414498 214.863672532477
69.7830584859866 225.270765539473
72.3394162736675 236.151735340551
74.9894209332456 247.527310536201
77.7365030238776 259.419102504464
80.5842187761482 271.849642260924
83.5362546957826 284.842418834603
86.5964323360065 298.421919221406
89.7687132447314 312.61366997915
93.0572040929699 327.444280530869
96.4661619911199 342.941488245714
100 359.134205369575
103.66329284377 376.052567880459
107.460782832132 393.727986346648
111.39738599948 412.19319886882
115.478198468946 431.482326190571
119.708503049573 451.630929065139
124.093776075172 472.6760679697
128.639694493697 494.656365262236
133.352143216332 517.612069879796
138.23722273579 541.585124680938
143.301257023696 566.619236539259
148.550801717277 592.759949299193
153.992652605949 620.054719709731
159.633854428794 648.552996456332
165.481709994318 678.306302416113
171.543789634288 709.36832026642
177.827941003892 741.794981582092
184.342299240911 775.644559562108
191.095297497044 810.977765531999
198.095677855034 847.857849374191
205.352502645715 886.350704044577
212.875166179637 926.524974339913
220.673406908459 968.45217008723
228.75732003184 1012.20678393328
237.137370566166 1057.86641391912
245.82440689202 1105.51189103241
254.829674797935 1155.22741193756
264.164832038609 1207.10067709196
273.841963426436 1261.22303446478
283.873596475876 1317.68962908343
294.272717620928 1376.59955864187
305.052789026703 1438.05603541412
316.227766016838 1502.16655472613
327.812115139346 1569.04307024927
339.820832894256 1638.80217638913
352.26946514731 1711.56529805412
365.174127254838 1787.45888810005
378.551524925863 1866.61463275814
392.418975848454 1949.16966536658
406.794432108305 2035.26678873828
421.696503428582 2125.05470651072
437.144481261109 2218.68826383756
453.158363760082 2316.32869779599
469.758881670649 2418.14389789868
486.967525165863 2524.30867711457
504.806571666747 2635.00505381882
523.299114681495 2750.42254510903
542.469093701133 2870.75847194206
562.341325190349 2996.21827656391
582.941534713607 3127.01585272378
604.296390238133 3263.373889183
626.433536656886 3405.52422704987
649.381631576211 3553.70823149211
673.170382414498 3708.17717840114
697.830584859866 3869.1926566045
723.394162736675 4037.02698624683
749.894209332456 4211.96365398432
777.365030238776 4394.2977656628
805.842187761482 4584.33651717658
835.362546957826 4782.39968423266
865.964323360065 4988.82013177322
897.687132447314 5203.94434383986
930.572040929699 5428.13297469325
964.661619911199 5661.76142203469
1000 5905.22042320918
1036.6329284377 6158.91667530453
1074.60782832132 6423.2734800972
1113.9738599948 6698.73141483318
1154.78198468946 6985.74902987112
1197.08503049573 7284.80357425572
1240.93776075172 7596.39175033152
1286.39694493697 7921.03049855093
1333.52143216332 8259.2578136762
1382.3722273579 8611.63359362209
1433.01257023696 8978.74052223553
1485.50801717278 9361.18498735939
1539.92652605949 9759.59803558098
1596.33854428794 10174.6363651209
1654.81709994318 10606.9833583754
1715.43789634288 11057.3501556851
1778.27941003892 11526.476771965
1843.42299240911 12015.1332578948
1910.95297497044 12524.1209074358
1980.95677855034 13054.2735135111
2053.52502645715 13606.458673756
2128.75166179637 14181.5791483228
2206.73406908459 14780.574271802
2287.5732003184 15404.4214214006
2371.37370566166 16054.1375436077
2458.2440689202 16730.7807416589
2548.29674797935 17435.4519262079
2641.64832038609 18169.2965317039
2738.41963426436 18933.5063010754
2838.73596475875 19729.3211414198
2942.72717620928 20558.031053508
3050.52789026703 21420.9781380201
3162.27766016838 22319.5586815457
3278.12115139346 23255.2253255003
3398.20832894256 24229.489321233
3522.6946514731 25243.9228747304
3651.74127254838 26300.1615844542
3785.51524925863 27399.9069759892
3924.18975848454 28544.9291373247
4067.94432108305 29737.0694587387
4216.96503428582 30978.2434814135
4371.44481261109 32270.4438590724
4531.58363760082 33615.7434370943
4697.58881670649 35016.2984537396
4869.67525165863 36474.3518683021
5048.06571666747 37992.2368211893
5232.99114681495 39572.3802311319
5424.69093701133 41217.3065349251
5623.41325190349 42929.6415753174
5829.41534713607 44712.1166428827
6042.96390238133 46567.5726779396
6264.33536656886 48498.9646388199
6493.81631576211 50509.3660430351
6731.70382414498 52601.9736881469
6978.30584859866 54780.1125594127
7233.94162736675 57047.240931556
7498.94209332456 59406.9556722981
7773.65030238776 61862.9977555869
8058.42187761482 64419.2579927692
8353.62546957826 67079.7829902761
8659.64323360065 69848.7813427254
8976.87132447314 72730.6300706948
9305.72040929699 75729.8813127801
9646.61619911199 78851.2692819306
10000 82099.7174964424
10366.329284377 85480.346296398
10746.0782832132 88998.4806567626
11139.738599948 92659.6583087838
11547.8198468946 96469.6381817983
11970.8503049573 100434.409178023
12409.3776075172 104560.199293395
12863.9694493697 108853.485098043
13335.2143216332 113321.001590498
13823.722273579 117969.752440293
14330.1257023696 122807.020634206
14855.0801717278 127840.379541948
15399.2652605949 133077.704417759
15963.3854428794 138527.18435499
16548.1709994318 144197.334711428
17154.3789634288 150097.010023811
17782.7941003892 156235.417430697
18434.2299240911 162622.130623602
19109.5297497044 169267.1043471
19809.5677855034 176180.689469383
20535.2502645715 183373.648645613
21287.5166179637 190857.172597275
22067.3406908459 198642.897031653
22875.732003184 206742.92022646
23713.7370566166 215169.821305678
24582.440689202 223936.679233619
25482.9674797935 233057.092555341
26416.4832038609 242545.199912569
27384.1963426436 252415.70136549
28387.3596475875 262683.880551898
29427.2717620928 273365.627716448
30505.2789026703 284477.463644025
31622.7766016838 296036.564532556
32781.2115139346 308060.787841988
33982.0832894256 320568.699157566
35226.946514731 333579.600107039
36517.4127254838 347113.557372959
37855.1524925863 361191.432842843
39241.8975848454 375834.914941632
40679.4432108305 391066.551192608
42169.6503428582 406909.782054718
43714.4481261109 423388.976086143
45315.8363760082 440529.466485854
46975.8881670649 458357.58906694
48696.7525165863 476900.721717559
50480.6571666747 496187.325407548
52329.9114681495 516246.986800995
54246.9093701133 537110.462537375
56234.1325190349 558809.725246346
58294.1534713607 581378.011363779
60429.6390238133 604849.870819245
62643.3536656886 629261.218667911
64938.1631576211 654649.388742617
67317.0382414498 681053.189404857
69783.0584859866 708512.961476453
72339.4162736675 737070.638436851
74989.4209332456 766769.808974326
77736.5030238776 797655.781982736
80584.2187761482 829775.654099087
83536.2546957826 863178.379880821
86596.4323360065 897914.844725612
89768.7132447314 934037.940640406
93057.2040929699 971602.644970623
96466.1619911199 1010666.1022047
100000 1051287.70897366
