0 0.0121908759893326 -0.0243355077880343 0.0363878273248628 0.0483021159038098 0.0600331752706801
0.02 0.0243355078101841 -0.0483021145219531 0.0715365101877222 0.0936864849891299 0.114416267277073
0.04 0.0363878267147527 -0.0715365101208562 0.104249102541831 0.133411617274266 0.158030959245068
0.06 0.0483021141283119 -0.0936864849353397 0.133411616983023 0.165077870347791 0.186772409304603
0.08 0.0600331750790275 -0.114416268352251 0.158030959384864 0.186772408567246 0.197935587109249
0.1 0.0715365096329126 -0.133411617981882 0.177268746885524 0.197184748674647 0.190469860276274
0.12 0.08276848170379 -0.150384582820259 0.190469859381138 0.195685921464184 0.165077870769543
0.14 0.0936864845720518 -0.165077871021053 0.197184749463704 0.182366468247243 0.124149412617566
0.16 0.104249102515768 -0.177268747045712 0.197184749093499 0.158030960644835 0.0715365096257741
0.18 0.114416267904166 -0.186772409464133 0.190469859487483 0.124149413583419 0.0121908748914572
0.2 0.124149413199656 -0.193444792106597 0.177268747622832 0.082768481064797 -0.0483021157959959
0.22 0.133411617244752 -0.197184749600847 0.158030959312815 0.0363878256049548 -0.104249103234475
0.24 0.142167745330778 -0.197935586936193 0.13341161721854 -0.0121908761229065 -0.150384583167945
0.26 0.150384582460619 -0.195685922465236 0.104249102518909 -0.0600331755292398 -0.182366467385098
0.28 0.158030959360914 -0.190469858910343 0.0715365088418259 -0.104249101853701 -0.197184749292055
0.3 0.165077870700379 -0.182366466984646 0.036387826605803 -0.142167744844065 -0.193444792389574
0.32 0.171498585135428 -0.171498584664912 -4.22977514087947E-10 -0.171498585400554 -0.171498584855527
0.34 0.177268746691807 -0.158030958899712 -0.0363878272542582 -0.19046985920649 -0.133411617436743
0.36 0.182366467175667 -0.142167745089449 -0.0715365092073445 -0.197935587769905 -0.0827684829347717
0.38 0.186772409181522 -0.124149413184251 -0.104249102496947 -0.193444791826361 -0.024335508518865
0.4 0.190469859467954 -0.104249102262537 -0.133411617155303 -0.17726874734123 0.0363878261739061
0.42 0.19344479233361 -0.0827684817566058 -0.1580309588057 -0.150384583399512 0.0936864843108785
0.44 0.195685922845204 -0.0600331753826283 -0.177268746381208 -0.114416267818346 0.142167746296295
0.46 0.19718474962085 -0.0363878269135915 -0.190469859159645 -0.0715365099075722 0.177268747745066
0.48 0.197935587103495 -0.0121908761550285 -0.197184749811916 -0.0243355075031668 0.195685924058882
0.5 0.197935587102973 0.01219087552036 -0.197184750418856 0.0243355078250089 0.195685924326129
0.52 0.197184749625754 0.0363878263070862 -0.190469859505796 0.0715365102607758 0.177268746563811
0.54 0.195685922849014 0.0600331749671503 -0.177268746154012 0.114416267668864 0.142167744138111
0.56 0.193444792342681 0.0827684814038342 -0.158030959092917 0.15038458162234 0.0936864832976801
0.58 0.190469859475786 0.104249102242009 -0.133411617239521 0.177268746979481 0.0363878248005452
0.6 0.18677240919428 0.124149413204355 -0.104249102639476 0.193444793210983 -0.0243355093834502
0.62 0.182366467186983 0.142167745500566 -0.0715365095331639 0.197935588253793 -0.0827684820706677
0.64 0.177268746707542 0.158030959260938 -0.0363878264441872 0.190469859245041 -0.133411616406134
0.66 0.171498585149493 0.171498585388919 -3.13571007326555E-11 0.171498584180595 -0.171498582819625
0.68 0.165077870718193 0.182366467516502 0.0363878255960748 0.142167744959002 -0.193444789715702
0.7 0.158030959376825 0.190469859713943 0.0715365084606577 0.104249103222445 -0.197184747394394
0.72 0.150384582479483 0.195685922922933 0.104249102733854 0.0600331764118407 -0.182366465131969
0.74 0.142167745347522 0.197935587555163 0.133411617375633 0.0121908767566292 -0.150384581820015
0.76 0.133411617263582 0.197184749758284 0.158030959918179 -0.0363878266203244 -0.104249103450357
0.78 0.124149413216172 0.193444792341216 0.177268747518199 -0.0827684829777493 -0.0483021155204426
0.8 0.114416267921876 0.186772409200981 0.190469859330726 -0.124149414018843 0.0121908741527128
0.82 0.10424910253101 0.177268746833198 0.197184750905419 -0.158030960767642 0.071536508069785
0.84 0.0936864845876197 0.165077870371617 0.197184751169563 -0.182366467528219 0.124149412654353
0.86 0.0827684817167843 0.150384582257437 0.190469859064381 -0.195685920985883 0.1650778706255
0.88 0.0715365096454379 0.133411617127407 0.177268746193987 -0.197184748415207 0.190469860239649
0.9 0.06003317508896 0.114416267659999 0.158030958816903 -0.186772408677578 0.197935588886328
0.92 0.0483021141370795 0.0936864841419785 0.133411616316417 -0.165077870750699 0.186772410727264
0.94 0.0363878267209817 0.0715365095632113 0.104249102251088 -0.133411617643723 0.158030960536387
0.96 0.0243355078146925 0.0483021140469501 0.0715365090857063 -0.0936864840411136 0.114416269080664
0.98 0.0121908759914552 0.0243355075754966 0.0363878253578363 -0.0483021132345108 0.0600331757501305
