0 1
0.0890542645907463 0.955570211958905
0.174320732513069 0.913423637266573
0.258346411546229 0.872563862252272
0.342197660741856 0.832738875810855
0.426419415736174 0.793970696003305
0.511377714589945 0.756389515257107
0.597391473568506 0.720174984637036
0.684789909337072 0.685537563031533
0.773945872406881 0.652715916000671
0.865305878790079 0.621982132973821
0.959428670526811 0.59365293649317
1.05280638140512 0.569133047575166
1.1442988416964 0.54877571197299
1.23382653676183 0.53253278549048
1.32165678636853 0.520257821823144
1.40813509265368 0.511805333639998
1.49359799799924 0.50705586743733
1.57835259438169 0.505917898071039
1.66267812497956 0.508324105207268
1.74683373409561 0.514227385436952
1.83106724618687 0.523597927069156
1.91562374365722 0.536421508643994
2.00075405734679 0.552698945980541
2.08672377434741 0.572446660043365
2.17382365373761 0.595698479625623
2.2623827061435 0.622509001729225
2.35278584549238 0.652959155739198
2.44549926744812 0.687165177727547
2.54093234027515 0.72522027194213
2.63546100928665 0.765428018993409
2.72804756755319 0.806892990275994
2.81866133761366 0.849132389345455
2.90759297231642 0.891850730757073
2.99519988516346 0.934831426437494
3.0818255367735 0.977889120796495
3.16778183357969 1.02084953580371
3.25379465746649 1.06376089166994
3.34074070401705 1.10674242292859
3.42909053832738 1.14968471647841
3.51917791492076 1.19237300609722
3.61130607761121 1.23453113822731
3.70579603382003 1.27583466033714
3.80301642495835 1.31591084538134
3.90341188925546 1.3543317310883
4.00708732948873 1.39045199269839
4.10906663174133 1.42209468305799
4.20801925014391 1.44880907458017
4.30401422827215 1.4707271483678
4.39752401635789 1.48810300515383
4.48906888007141 1.5011704852747
4.57911612088282 1.51011397364835
4.66806643495018 1.51507179655074
4.75626514091138 1.51614573153761
4.84401771978165 1.51340938219005
4.93160401666076 1.50691413485598
5.01929032565233 1.49669294041376
5.10733998206558 1.48276235979371
5.19602341633078 1.46512316962218
5.28562872372711 1.44375961810387
5.37647398039164 1.41863719413508
5.46892295632037 1.38969848692272
5.56340675062702 1.35685627637164
5.66045562799017 1.31998221688016
5.76074895024255 1.27888793443152
5.86472758490872 1.23350353051101
5.96742519278703 1.18636217505653
6.06725725638823 1.13879198715216
6.16400714178716 1.09149069187134
6.25791862392965 1.04486148723439
6.34934901393076 0.999173692965162
6.43867230292329 0.95462352091976
6.52720435154425 0.9108959328026
6.61560345163749 0.86799530126451
6.70428730200399 0.826052053355074
6.79359290549945 0.785251535667284
6.88384353842979 0.745809432207276
6.97538288810661 0.707965692147797
7.06860000691649 0.671986672930693
7.16395612333684 0.638172252739281
7.26202132654706 0.606867892805303
7.3615474113184 0.578997587880694
7.45966030569187 0.555633025913049
7.55567181391243 0.536934201542119
7.64970253202457 0.522780291730621
7.7421121231167 0.513001391560882
7.83329656351322 0.507447447747055
7.92362861677885 0.506001818595903
8.01344880239208 0.50857917647754
8.10307216338746 0.515120655888339
8.19279899635636 0.52558985467402
8.28292615862219 0.539970426285357
8.37375857525769 0.558265291321007
8.46562168342458 0.58049747004192
8.55887615519877 0.606712740338985
8.65393693951173 0.636984673833489
8.75129990321588 0.671423181902093
8.85158180923622 0.710188774517791
8.95279187799012 0.752315646958419
9.05239711779614 0.796308069299987
9.1498648104228 0.841374674445046
9.24538109278039 0.887067511934581
9.33933331647161 0.933088464488464
9.43213051925879 0.97919976291979
9.52415353069253 1.02518543309931
9.61632125083671 1.07111850096693
9.70961611086956 1.11709581913236
9.80458287974875 1.1629599075275
9.90162347913974 1.20843111473783
10.0011158137129 1.25315369319719
10.1034711204629 1.29670772603282
10.2091739966279 1.33860574436395
10.3188256423137 1.37827982248496
10.42892276057 1.4137720730104
10.5362347335997 1.44378019898057
10.6402384266765 1.46822278884247
10.7413246103893 1.48735559320636
10.8400879671911 1.50146231575696
10.9370999617762 1.51077509030042
11.0328585417888 1.51546754025828
11.127793166387 1.51566498342002
11.2222829977748 1.51145540761771
11.316675614166 1.50289756163436
11.4113036266286 1.49002601431604
11.5064996828717 1.47285367976368
11.6026112313937 1.45137216730575
11.7000167985162 1.42554998431195
11.7991460618356 1.39532819652596
11.9005071146036 1.36061254171601
12.0047266443869 1.32125993823159
12.112613730618 1.27705522227304
12.2249159357194 1.22782869506137
12.3358104834763 1.17658705274393
12.4434535441448 1.12493035552093
12.5476172648205 1.07370048439895
12.6486107866138 1.02338146593869
12.746870083734 0.974294569837384
12.8434514776344 0.926374632839513
12.9395347642748 0.87946178296808
13.0357775024883 0.833657937819236
13.1326528450108 0.789174064808086
13.2305851649083 0.746275571135559
13.3300136496652 0.705266215737986
13.4314335902613 0.666488577570054
13.5354374877062 0.63033382132177
13.6427708745889 0.597260136655491
13.750941501994 0.568661061063617
13.8572739591978 0.545497841426401
13.9612646389107 0.527841555592632
14.0631777319075 0.515515856872919
14.1634838549899 0.508320398530583
14.2626699683837 0.506091064915872
14.3611900896168 0.508707931960121
14.4594639037056 0.51609020312157
14.5578896823903 0.528190154962128
14.6568608134288 0.544989152218956
14.7567836183713 0.566496276712535
14.8580972765838 0.592749714758948
14.9612982829134 0.623821364475054
15.0669736030127 0.659825855646091
15.1758498243651 0.700936536173674
15.2876091079563 0.746874929416149
15.3980285089206 0.795434444535661
15.5060402051767 0.84542411080763
15.6117671583103 0.896185415711965
15.7156850841822 0.947298075250525
15.818324877369 0.998437065294601
15.9201877890464 1.04930990671438
16.0229641686258 1.1002345799556
16.1275565474553 1.15110057776226
16.2345626266453 1.20157644927083
16.3445055640731 1.25120213592451
16.4579393960554 1.29941534924607
16.5755171830816 1.34554868968947
16.6980616785642 1.38880889625547
16.8204793617585 1.42648998846629
16.9394645560127 1.45729271964265
17.0546833102034 1.48124719400074
17.1667429435614 1.49870429460838
17.2764216933757 1.51000630120517
17.3844409170516 1.5154147960895
17.4914272241222 1.51511312604354
17.5979300110501 1.50922280131945
17.7044502521748 1.49781758799007
17.8114688300629 1.48093245835146
17.9194733597187 1.45856772440385
18.0289859060387 1.43068882920192
18.1405956430819 1.39722156555986
18.2550026407531 1.35804132042594
18.3730834056545 1.31295291641125
18.4959989575331 1.26165343051517
18.623249869342 1.20464863629872
18.7484147539502 1.14557503880794
18.8696177276991 1.08638826312517
18.9867782743664 1.02812727255873
19.1003802730604 0.971399305662029
19.2118269165254 0.916220527628511
19.3227671989175 0.862428082221274
19.434153907856 0.810214485597178
19.5467047414985 0.759930053849118
19.6610957636579 0.71201539825091
19.7780641139653 0.666987609102468
19.8984919129493 0.62545331313323
20.0235124380685 0.588143236949472
20.1496144745677 0.557080256121237
20.2735576312959 0.533449662488798
20.3948759445905 0.517292357474003
20.5140534558395 0.508366878152592
20.6318110662278 0.506434058160471
20.7488805702325 0.511324402354983
20.8659589693649 0.522941494684099
20.9837227113482 0.541253127240684
21.1028612545957 0.566284934708073
21.2241201493176 0.598120294180766
21.3483564737361 0.636908250418324
21.4766178602292 0.68288273367622
21.6102688635917 0.736400848881369
21.7453783556328 0.795375336433243
21.8783783963594 0.857188653769125
22.0088307772573 0.92039991561782
22.1373558806697 0.984144825517399
22.2648337417693 1.04778804607009
22.3936561786764 1.11149082175343
22.5257153996634 1.17507853440433
22.6623045867502 1.23787847365813
22.8046278308174 1.29888588929278
22.9540686792069 1.35678337419379
23.1124264230254 1.4098754396306
23.2710488359437 1.4532682303203
23.4257536923699 1.48514229326829
23.5767145914896 1.50558495497752
23.7253659265916 1.51498150557497
23.8733390705299 1.51355595113241
24.0222315805882 1.50129731678936
24.1736555915544 1.47796634887678
24.3293862116731 1.44309000099945
24.4915892353598 1.39591250219233
24.6631986149743 1.335270381283
24.8486571532621 1.25930912323481
25.0556896340792 1.16477815487619
25.1327412287183 1.12773478497074
