    -3.969      1.39968448
    -3.906      0.51881309
    -3.844      0.35040309
    -3.781      0.28531625
    -3.719      0.25635147
    -3.656      0.24576904
    -3.594      0.24751508
    -3.531      0.25983639
    -3.469      0.28339905
    -3.406      0.32113703
    -3.344      0.37930327
    -3.281      0.47057978
    -3.219      0.62289688
    -3.156      0.90968437
    -3.094      1.60138066
    -3.031      5.13557331
    -2.969     -5.55499776
    -2.906     -2.02661363
    -2.844     -1.34686188
    -2.781     -1.07885209
    -2.719     -0.95330704
    -2.656     -0.89859304
    -2.594     -0.88950732
    -2.531     -0.91754724
    -2.469     -0.98304044
    -2.406     -1.09387299
    -2.344     -1.26829532
    -2.281     -1.54408989
    -2.219     -2.00494933
    -2.156     -2.87119130
    -2.094     -4.95427141
    -2.031    -15.56720659
    -1.969     16.49139961
    -1.906      5.88984587
    -1.844      3.83013847
    -1.781      3.00055736
    -1.719      2.59180350
    -1.656      2.38688777
    -1.594      2.30715962
    -1.531      2.32254146
    -1.469      2.42688109
    -1.406      2.63213189
    -1.344      2.97256716
    -1.281      3.52245507
    -1.219      4.44848132
    -1.156      6.19100625
    -1.094     10.37300576
    -1.031     31.62088839
    -0.969    -32.46744298
    -0.906    -11.22751869
    -0.844     -7.06181780
    -0.781     -5.34474281
    -0.719     -4.45466227
    -0.656     -3.95328286
    -0.594     -3.67703564
    -0.531     -3.55639161
    -0.469     -3.56448160
    -0.406     -3.70143547
    -0.344     -3.99438712
    -0.281     -4.51314556
    -0.219     -5.42158661
    -0.156     -7.15835098
    -0.094    -11.34547505
    -0.031    -32.60904115
     0.031     31.45283484
     0.094     10.17493864
     0.156      5.95840867
     0.219      4.17558025
     0.281      3.20178845
     0.344      2.59434184
     0.406      2.18323988
     0.469      1.88933301
     0.531      1.67085072
     0.594      1.50370814
     0.656      1.37307055
     0.719      1.26932217
     0.781      1.18597205
     0.844      1.11849232
     0.906      1.06363827
     0.969      1.01903252
     1.031      0.98290109
     1.094      0.95390050
     1.156      0.93100135
     1.219      0.91340818
     1.281      0.90050300
     1.344      0.89180501
     1.406      0.88694120
     1.469      0.88562485
     1.531      0.88763945
     1.594      0.89282671
     1.656      0.90107755
     1.719      0.91232531
     1.781      0.92654066
     1.844      0.94372790
     1.906      0.96392218
     1.969      0.98718775
     2.031      1.01361675
     2.094      1.04332867
     2.156      1.07647032
     2.219      1.11321622
     2.281      1.15376947
     2.344      1.19836298
     2.406      1.24726106
     2.469      1.30076150
     2.531      1.35919790
     2.594      1.42294256
     2.656      1.49240969
     2.719      1.56805912
     2.781      1.65040056
     2.844      1.73999831
     2.906      1.83747666
     2.969      1.94352589
     3.031      2.05890902
     3.094      2.18446940
     3.156      2.32113912
     3.219      2.46994848
     3.281      2.63203661
     3.344      2.80866323
     3.406      3.00122193
     3.469      3.21125495
     3.531      3.44046969
     3.594      3.69075727
     3.656      3.96421323
     3.719      4.26316074
     3.781      4.59017655
     3.844      4.94812019
     3.906      5.34016653
     3.969      5.76984248
     4.031      6.24106796
     4.094      6.75820221
     4.156      7.32609534
     4.219      7.95014668
     4.281      8.63637012
     4.344      9.39146767
     4.406     10.22291220
     4.469     11.13904059
     4.531     12.14915858
     4.594     13.26365894
     4.656     14.49415464
     4.719     15.85362899
     4.781     17.35660509
     4.844     19.01933697
     4.906     20.86002552
     4.969     22.89906233
     5.031     25.15930523
     5.094     27.66639030
     5.156     30.44908377
     5.219     33.53968132
     5.281     36.97445958
     5.344     40.79418769
     5.406     45.04470689
     5.469     49.77758765
     5.531     55.05087483
     5.594     60.92993328
     5.656     67.48840754
     5.719     74.80931181
     5.781     82.98626809
     5.844     92.12491345
     5.906    102.34450020
     5.969    113.77971596
