0 5999900 100 0
0.1 5999898.5663386 100.716818667523 0.71684273356583
0.3 5999895.66811293 102.165906652376 2.16598041552072
0.7 5999889.7459693 105.126925517575 5.12710518333303
1.5 5999877.38181248 111.308883953749 11.3093035632189
3.1 5999850.42962884 124.784670100028 24.7857010630617
5.61303261904126 5999801.36056478 149.318490177162 49.32094504214
8.37461373800833 5999736.24411862 181.875458645851 81.8804227353349
11.3458314480313 5999650.24709726 224.871770881528 124.881131855212
14.4695565370592 5999537.83197354 281.075529477309 181.092496979086
17.7088173695347 5999391.50176506 354.234105186118 254.264129749972
21.0370501135646 5999201.39933792 449.274171917568 349.3264901657
24.4347933112354 5998954.632405 572.638675863625 472.728919132863
27.8875758810635 5998634.37624626 732.734576484986 632.889177256275
31.3845556158157 5998218.68805805 940.524150276151 840.787791678111
34.9175921076354 5997678.9475412 1210.30211823412 1110.75034056143
38.4805952436458 5996977.80756207 1560.71593962303 1461.47649830425
42.0690590776547 5996066.49941694 2016.10574266367 1917.3948404015
45.6797267976846 5994881.28483567 2608.26566041454 2510.44950392051
49.3103527460634 5993338.77606537 3378.76218759264 3282.46174703397
52.9595398298959 5991329.74868644 4381.99083795192 4288.26047560863
56.6266389396569 5988710.93830288 5689.21448118302 5599.84721594087
60.311703166595 5985294.12552601 7393.9119680875 7311.96250590084
64.0154948874027 5980831.54848354 9618.88394845204 9549.56756800467
67.7395490996944 5974996.29836515 12525.729297208 12477.9723376417
71.486302705496 5967355.7855752 16327.5441216904 16316.6703031111
75.2565952010251 5957343.69791087 21301.9753168478 21354.3267722878
79.0540541938369 5944206.37702629 27816.2970320842 27977.3259416319
82.8848680404191 5926935.83481416 36357.8287867157 36706.3363991211
86.7573135294559 5904179.8914837 47573.3706716291 48246.7378446702
90.6826769059985 5874111.21984589 62324.674611724 63564.1055423845
94.6765981524994 5834236.42313392 81765.3586927562 83998.2181733237
98.7612135421061 5781108.40445721 107449.481394124 111442.114148672
102.96875269681 5709873.90127768 141488.517256994 148637.581465324
107.348014538154 5613517.85328873 186786.526883954 199695.619827316
111.977189003698 5481488.58932111 247413.143356279 271098.267322615
116.992989340896 5296849.07143225 329258.963364741 373891.965203009
122.673325506768 5028930.79126449 441463.111229938 529606.097505572
129.805609852669 4603423.11995682 601749.343147138 794827.536896043
137.192638422609 4081439.89680396 762681.61730053 1155878.48589552
144.197104921794 3557841.24242035 874392.831453893 1567765.92612576
151.381599870838 3048265.84169015 920225.070829595 2031509.08748025
158.220902353689 2627181.25500738 895325.518542693 2477493.22644993
166.403054229203 2225435.0352021 799194.045595071 2975370.91920283
173.360204338294 1967218.23515769 687415.117691607 3345366.64715071
181.413089671788 1747020.22182184 551486.796921634 3701492.98125653
189.704148767449 1587215.54441961 423500.55102942 3989283.90455098
199.015141359993 1464839.78535018 305170.051426501 4229990.16322332
206.195388265102 1399262.7812073 233345.924012283 4367391.29478042
213.824022011395 1348811.33485054 173631.905097179 4477556.76005228
221.31426762179 1313151.02908066 128909.880627044 4557939.0902923
228.919986046032 1287020.53032407 94741.1492745131 4618238.32040142
236.367246528782 1268519.04863291 69803.3247506534 4661677.62661644
243.906337450992 1254936.28327459 51090.13414346 4693973.58258195
250 1246746.69697947 39637.8647776693 4713615.43824286
