0 5999900 100 0
0.1 5999894.89139949 104.378787962905 0.729812547092739
0.3 5999883.99333418 113.719958109807 2.28670770731305
0.603124914749343 5999865.58842553 129.495539227208 4.9160352410608
0.945706064295829 5999841.69665028 149.974120474957 8.32922924970886
1.31900684426798 5999811.34131322 175.992855424455 12.6658313587046
1.71493029150221 5999773.37255045 208.537321506137 18.0901280451746
2.1282220810491 5999726.22921331 248.945615347277 24.8251713440455
2.55508021031113 5999667.92984023 298.91608605762 33.1540737114411
2.99266618654542 5999595.99945192 360.570074260968 43.4304738161213
3.43880871377398 5999507.37002947 436.537204528084 56.0927659964831
3.89182014195836 5999398.25193672 530.065576560523 71.6824867148882
4.35037418757329 5999263.97259787 645.160013963108 90.8673881659261
4.81342053351359 5999098.77617571 786.753726942973 114.470097342949
5.28012302320159 5998895.57591577 960.920525747875 143.503558482609
5.74981373983769 5998645.64856363 1175.13665327683 179.214783090335
6.22195822503768 5998338.25762445 1438.603561223 223.13881432386
6.69612876821589 5997960.18904393 1762.64567936372 277.165276705677
7.17198370288993 5997495.17897738 2161.20056851913 343.620454096332
7.64925127429202 5996923.20848387 2651.4229676359 425.368548494859
8.12771705528495 5996219.6339955 3254.42934710464 525.936657397324
8.60721416819259 5995354.11497033 3996.21591366848 649.669115997696
9.08761576833994 5994289.29086116 4908.79089407508 801.918244763822
9.56882939048563 5992979.147935 6031.57176010701 989.280304889448
10.0507928701171 5991367.00192814 7413.11036882343 1219.88770303745
10.5334716398783 5989383.0041912 9113.22445868408 1503.77135011683
11.016857274955 5986941.05577562 11205.633456531 1853.31076784819
11.5009672278318 5983934.9843621 13781.221305925 2283.79433197646
11.9858457557688 5980233.80104137 16952.0806232871 2814.11833534365
12.4715661109887 5975675.80495674 20856.5331300776 3467.66191318291
12.9582341377328 5970061.23983125 25665.3740511152 4273.38611763549
13.4459275211129 5963144.15773931 31588.770379687 5267.07188100087
13.9346854770813 5954622.45063806 38884.6904965036 6492.85886543601
14.4247423648311 5944120.46493108 47873.6248831435 8005.91018577454
14.9163798554779 5931173.2118303 58951.8463348195 9874.94183487568
15.4099500190588 5915204.1632689 72610.0172852387 12185.8194458562
15.9058936597009 5895497.30537889 89456.4848624115 15046.2097586979
16.4047649619219 5871161.5382319 110246.766614109 18591.6951539889
16.9072641503161 5841084.99128543 135921.09171537 22993.9169991968
17.4142814852874 5803875.8427676 167652.563764718 28471.5934676769
17.9269576177758 5757784.76249829 206909.530810856 35305.7066908494
18.4467682025736 5700601.80720286 255537.290807252 43860.9019898846
18.9756456293421 5629516.89947234 315866.668053288 54616.4324743691
19.5161596745194 5540926.79769008 390860.89770752 68212.3046023937
20.0717958743016 5430160.44663849 484318.880737341 85520.6726241704
20.6474049089911 5291073.80287973 601164.838253669 107761.358866598
21.2499723610948 5115422.47627472 747877.978217028 136699.545508252
21.8900458544162 4891821.35695603 933168.8527067 175009.790337263
22.5846989088192 4603824.9341583 1169156.22777067 227018.838071028
23.3649094318521 4225648.20706363 1473863.15168716 300488.641249211
24.301491493085 3708077.69313104 1879440.21180011 412482.095068844
25.4962213273893 2994648.04551536 2409709.47253746 595642.481947182
26.5780958799174 2362306.89569114 2838746.21863059 798946.885678267
27.6732678694649 1794070.81861338 3171137.84443705 1034791.33694957
28.706285071715 1352717.95500904 3370458.08615069 1276823.95884027
29.5185282931812 1073456.06610205 3451520.79397893 1475023.13991901
30.292135223012 858439.67140442 3474946.74098478 1666613.58761079
31.0421299272356 691127.214707925 3456437.13601915 1852435.64927293
31.8004437376951 556333.949490557 3405268.91233966 2038397.13816978
32.5416495241928 451787.907725456 3331395.67045818 2216816.42181636
33.2856133027222 368497.670163977 3240018.71694738 2391483.61288864
34.0395904679268 301599.560500223 3135201.83222787 2563198.6072719
34.8110043785815 247455.858424524 3019744.45934246 2732799.68223302
35.6062314881202 203406.371961962 2895771.34174793 2900822.28629011
36.4315354752493 167426.286732062 2764897.7634897 3067675.94977823
37.2933598274491 137948.623892289 2628379.57303539 3233671.80307232
38.1986728260536 113742.16557484 2487202.77745248 3399055.05697268
39.155298293527 93828.780526172 2342148.27359363 3564022.94588019
40.1723050143141 77424.5759473696 2193837.57197684 3728737.85207578
41.2605011852865 63896.9802440023 2042766.17479379 3893336.8449622
42.4331066565228 52732.7016511879 1889327.87614938 4057939.42219943
43.7067143163714 43513.3641174884 1733832.02691096 4222654.60897155
45.1027290912518 35896.6925514722 1576514.6851187 4387588.62232983
46.6496223959178 29601.7956183287 1417543.66340955 4552854.54097212
48.3866426287013 24397.5362387497 1257016.76315431 4718585.70060693
50.3702610980767 20093.3075725125 1094953.34520345 4884953.34722403
52.6859864947317 16531.9119743334 931290.771712761 5052177.3163129
55.4704783865789 13585.3043766942 765976.228147718 5220438.46747558
58.7103166443895 11291.6713903829 609763.332147638 5378944.99646198
61.9945217748674 9728.91783332951 483643.273255746 5506627.80891092
65.2368608038691 8656.5114319022 384609.015790503 5606734.47277759
68.4736041205015 7889.95183588614 305899.665277745 5686210.38288637
71.7062717890112 7329.68674713078 243325.089823066 5749345.2234298
74.9391613281011 6912.58086016178 193522.411082118 5799565.00805772
78.1740925798289 6597.7015326973 153875.792489504 5839526.5059778
81.4124068548034 6357.38938943046 122313.081654834 5871329.52895573
84.6549999299546 6172.42066626718 97189.418986308 5896638.16034742
87.902538844019 6029.10140739413 77195.7835530793 5916775.11503952
91.1555402495407 5917.47741418881 61289.3481796338 5932793.17440617
94.4144257261174 5830.18960922893 48638.8724502516 5945530.93794052
97.6795541685035 5761.72083782681 38581.623759061 5955656.65540311
100.951243173236 5707.88692718381 30589.2028497155 5963702.9102231
104.229783371087 5665.48460727441 24240.357772984 5970094.15761974
107.515448476318 5632.042747047 19199.319983837 5975168.63726911
110.808502577507 5605.64325413449 15198.5240172995 5979195.83272856
114.109205627591 5584.78997407509 12024.8162362305 5982390.39378969
117.41781773531 5568.31132811382 9508.44526178513 5984923.2434101
120.73460265419 5555.28710197346 7514.27231528952 5986930.44058273
124.059830736917 5544.99280994738 5934.7541746831 5988520.25301537
127.393781544292 5536.85703854838 4684.34200495882 5989778.80095649
130.736746246944 5530.42850041193 3695.01125161041 5990774.56024797
134.089029925495 5525.35043436308 2912.69506930764 5991561.95449633
137.450953856035 5521.34061640316 2294.43945534091 5992184.21992825
140.822857854115 5518.17569077041 1806.13475349693 5992675.68955573
144.205102746121 5515.67884940019 1420.70736027464 5993063.61379032
147.598073033878 5513.71012084127 1116.67878503459 5993369.61109412
151.002179822472 5512.15870174047 877.017863718506 5993610.82343454
154.417864086365 5510.93689280371 688.226840090783 5993800.8362671
157.845600359757 5509.97529861061 539.613955722762 5993950.41074566
161.285900952352 5509.21902512616 422.714727755097 5994068.06624711
164.739320811738 5508.62466610535 330.831719257774 5994160.54361463
168.206463181398 5508.15791405734 258.668702752768 5994233.17338319
171.687986240755 5507.79166611029 202.039989032668 5994290.16834485
175.184610962284 5507.50452227858 157.639585609542 5994334.85589211
178.697130489527 5507.27959498494 122.857957866434 5994369.86244714
182.226421429146 5507.10356552433 95.636648290598 5994397.25978618
185.773457577188 5506.96593645808 74.3529905055743 5994418.68107303
189.339326775895 5506.85843945622 57.7287358147341 5994435.41282472
192.925251846238 5506.77456645163 44.7576710402383 5994448.4677625
196.532616903685 5506.70919859064 34.6483119329955 5994458.64248947
200.163000898117 5506.6583127214 26.7785578505479 5994466.56312942
203.818221023022 5506.61874933586 20.6598319042358 5994472.72141876
207.500389886334 5506.58802919835 15.908739266782 5994477.50323153
211.211992322254 5506.56420852854 12.2246811119844 5994481.21111035
214.955990998086 5506.54576470027 9.37218372674495 5994484.08205157
218.73597558086 5506.53150608085 7.1669584561926 5994486.30153546
222.556380282564 5506.52050095521 5.46491168127807 5994488.01458736
226.422813620663 5506.5120215272 4.15348559913658 5994489.33449287
230.342582623107 5506.50549981883 3.14483853483997 5994490.34966164
234.325577740179 5506.50049294056 2.37047419455951 5994491.12903286
238.385888689094 5506.49665570677 1.77700671827041 5994491.72633757
242.545089569846 5506.49371891915 1.3228021765242 5994492.1834789
246.840055139362 5506.49147172638 0.975250437164555 5994492.53327783
250 5506.49020494476 0.779329417739018 5994492.73046563
