0 5999900 100 0
0.1 5999896.62269048 102.653588072055 0.723721448737085
0.3 5999889.59683991 108.17387241193 2.22928767816651
0.7 5999874.39138768 120.120949366608 5.48766295526904
1.26219983926102 5999850.13964699 139.175769177988 10.6845838300809
1.88490979663272 5999818.76268935 163.828907516784 17.4084031298325
2.55566292030028 5999778.72020207 195.290573983235 25.9892239462643
3.26201117621426 5999728.21345775 234.973999806951 36.8125424481029
3.99568192775288 5999664.86030949 284.750786785561 50.3889037292704
4.75063339006081 5999585.63301577 346.999742825634 67.3672414012917
5.52233974716195 5999486.72093483 424.714739238799 88.5643259341245
6.30734292626977 5999363.35093369 521.645777988648 115.003288325548
7.102966309068 5999209.55762918 642.479454688554 147.962916134989
7.90711997020806 5999017.89374415 793.066439637867 189.039816207179
8.71816267178536 5998779.06690764 980.706699724177 240.226392631939
9.5348011049411 5998481.48522234 1214.50632039525 304.008457269151
10.356014740089 5998110.68917644 1505.82349988513 383.487323674954
11.1809989473828 5997648.64165285 1868.82583833155 482.532508821224
12.0091215485911 5997072.84052954 2321.18670811122 605.972762345654
12.839889495849 5996355.20925071 2884.95559095615 759.835158328272
13.6729233613441 5995460.70925258 3587.64620247258 951.644544945165
14.5079379881456 5994345.60357646 4463.59750629834 1190.79891723767
15.3447281216649 5992955.2825119 5555.67701032822 1489.04047776526
16.1831581865056 5991221.53851974 6917.41390251914 1861.04757774139
17.0231556421056 5989059.14742559 8615.67277447281 2325.17979993707
17.8647075706539 5986361.57383335 10734.0084360155 2904.41773063477
18.7078603473801 5982995.56796238 13376.8807434118 3627.55129420898
19.552722432778 5978794.35457604 16674.9583423398 4530.68708161862
20.3994705289385 5973549.02649996 20791.8058447105 5659.16765532989
21.2483595773379 5966997.63692675 25932.3360622201 7070.02701102617
22.0994002303294 5958814.93438805 32350.6943939231 8834.37121802233
22.9529428105956 5948591.546581 40366.3203442264 11042.1330747677
23.8095407061234 5935812.3809415 50380.4567641303 13807.1622943653
24.6698891988475 5919829.30480391 62896.882649992 17273.812546102
25.5348725663682 5899825.03539103 78549.1129025105 21625.8517064633
26.4056205964475 5874766.33392422 98135.2883676826 27098.3777081009
27.2835855943029 5843342.68222336 122663.299471098 33994.018305541
28.1706487868115 5803884.99101086 153409.645499057 42705.3634900815
29.0692706644516 5754256.23091421 191997.046066497 53746.7230192899
29.9827091689137 5691701.51691813 240498.189486901 67800.2935949672
30.9153468062454 5612637.68443553 301576.865967633 85785.4495968407
31.873201002084 5512348.79560564 378684.361686282 108966.842708079
32.86476093612 5384527.57575103 476341.140349043 139131.283899931
33.9024501829167 5220546.54455379 600558.274893127 178895.180553087
35.005412324916 5008207.16376977 759509.537083571 232283.299146659
36.2055165391203 4729323.67119286 964727.025808714 305949.302998426
37.5631846478235 4353985.64902866 1233748.67826638 412265.672704963
39.2295204751502 3819529.94154496 1599821.77777588 580648.280679164
41.179446126898 3137009.0972974 2029239.8477304 833751.054972195
42.9848374247471 2514482.31178185 2367362.50391714 1118155.18430101
44.8048830603351 1953739.73260386 2603691.09849255 1442569.16890359
46.7180694712111 1470451.4429245 2721610.11951758 1807938.43755792
48.4842553662246 1124917.36077156 2722753.16118961 2152329.47803883
50.2379535138627 865615.036673112 2645167.15302784 2489217.81029905
52.037703341249 668704.245305875 2510237.58799579 2821058.16669834
53.8121366346319 526290.823789582 2344738.22179027 3128970.95442015
55.6740862160679 416987.860289843 2154731.11716474 3428281.02254542
57.6797319011009 331823.441643908 1946168.9270328 3722007.63132329
59.910722752771 264392.680480318 1721527.0061957 4014080.31332398
62.4898840145227 210245.738070594 1481041.43903155 4308712.82289786
65.5928343604096 166591.541353044 1225467.813129 4607940.64551796
69.3975693290253 132312.455148926 963543.373211737 4904144.17163934
73.0409444602005 111203.096809477 761184.355863969 5127612.54732655
76.6796867338307 96975.1281874837 599392.775276962 5303632.09653555
80.4291922887039 86825.0794219467 467395.182287961 5445779.73829009
83.9996705871626 79950.0388849419 368206.916483132 5551843.04463193
87.5273215989639 74974.1573056424 290564.741846868 5634461.10084749
91.0209925201608 71299.5138188558 229627.098387621 5699073.38779352
94.4969867626513 68536.4345563352 181573.571630716 5749889.99381295
97.9626768582911 66433.5434074827 143609.231472973 5789957.22511954
101.423381961643 64818.4551321681 113580.65282336 5821600.89204447
104.88265222449 63569.5609754229 89815.1885621859 5846615.25046239
108.343066133564 62598.8642552889 71001.8007607988 5866399.33498391
111.806546231485 61841.4699089165 56108.2433563517 5882050.28673473
115.274579755442 61248.7878479462 44319.3488009023 5894431.86335115
118.748352659045 60783.9973585993 34990.2025321018 5904225.8001093
122.228839760435 60418.9294410161 27610.0041190344 5911971.06643995
125.716866386319 60131.8710456723 21773.9046951529 5918094.22425918
129.213152148899 59905.9859111438 17160.9148044111 5922933.09928445
132.718342905602 59728.158510613 13516.4989309251 5926755.34255846
136.233034772136 59588.1349331614 10638.8223434481 5929773.04272339
139.757792681391 59477.8763397317 8367.86249527607 5932154.26116499
143.293165165649 59391.0672794429 6576.77701981612 5934032.15570074
146.839696522239 59322.7385450511 5165.05480829187 5935512.20664666
150.397937199446 59268.9758543282 4053.07898166278 5936677.94516401
153.968453028436 59226.6935551307 3177.80945885281 5937595.49698602
157.551833793657 59193.4580502656 2489.35420234563 5938317.18774739
161.148701552868 59167.3495307547 1948.24629524407 5938884.404174
164.759719072792 59146.8534090698 1523.28183608578 5939329.86475485
168.385598734256 59130.7748938428 1189.80351311741 5939679.42159304
172.027112271998 59118.1716678037 928.33837198061 5939953.48996022
175.685101757618 59108.3007719557 723.517048927118 5940168.18217912
179.360492305449 59100.5766649078 563.21663843092 5940336.20669666
183.054307097469 59094.5380891757 437.881204102726 5940467.58070672
186.767685491898 59089.8218876022 339.983358505784 5940570.19475389
190.501905230312 59086.1423099093 263.597829197991 5940650.2598609
194.258410124282 59083.2746589822 204.063889927865 5940712.66145109
198.038845149627 59081.0423689523 157.718280048299 5940761.239351
201.845101703579 59079.3067976656 121.684010373411 5940799.00919196
205.679377066992 59077.9591661805 93.7034572808615 5940828.33737654
209.544254163228 59076.9141963602 72.0065360864892 5940851.07926756
213.442811087792 59076.1050912028 55.2066446069802 5940868.68826419
217.378775671509 59075.479576573 42.2185780421734 5940882.30184539
221.356750711142 59074.9967815697 32.1938160392077 5940892.80940239
225.382555098913 59074.6247811131 24.4695349309946 5940900.90568396
229.463765603729 59074.3386609416 18.5284520667816 5940907.13288699
233.610630439933 59074.1189939685 13.9672023679984 5940911.91380367
237.837735038241 59073.9506390449 10.4714038110201 5940915.57795715
242.167381889353 59073.8217885717 7.79588665700781 5940918.38232477
246.637607763112 59073.7231954814 5.74864515134924 5940920.52815937
250 59073.6665025127 4.57143934478314 5940921.76205815
