0 5999900 100 0
0.1 5999897.9871218 101.29398102497 0.718897172861506
0.3 5999893.88289171 103.932389229542 2.18471905633497
0.7 5999885.3509472 109.417154642131 5.2318981558894
1.5 5999866.91258719 121.270250126039 11.8171626816052
2.76857657581273 5999833.49406072 142.7532905903 23.7526486903538
4.16713876933495 5999789.75055194 170.873627154207 39.3758209072609
5.67572526495946 5999732.85818859 207.446480943217 59.6953304656468
7.26446170938745 5999659.7319985 254.454852554843 85.8131489445457
8.91409606627618 5999566.22041279 314.567288990907 119.212298217855
10.6106894450381 5999446.95701521 391.233112988813 161.809871803166
12.3439263446026 5999295.05681809 488.877551957217 216.065629950026
14.106031799738 5999101.71842665 613.157291505904 285.124281842456
15.8910795533564 5998855.70782792 771.292004371307 373.000167710777
17.6945215990292 5998542.69483538 972.490401046445 484.814763574896
19.5128559484278 5998144.40268199 1228.49607500827 627.101243003897
21.3433857838653 5997637.51917291 1554.28610382525 808.194723267314
23.184041927717 5996992.30259024 1968.96502351941 1038.73238623806
25.0332508763504 5996170.79601039 2496.90914117015 1332.29484844168
26.889836714194 5995124.53837911 3169.23208396117 1706.22953692322
28.7529490217089 5993791.62765811 4025.66315841406 2182.70918347639
30.6220114099168 5992092.94799472 5116.95705105276 2790.09495422682
32.496687099908 5989927.3155489 6507.98873717787 3564.69571391606
34.3768593216366 5987165.22123732 8281.73406491126 4553.04469776591
36.2626254404804 5983640.74588145 10544.3984094609 5814.85570909113
38.1543047719109 5979141.08330861 13432.0388542988 7426.87783708654
40.0524611557903 5973392.91364822 17119.1380638115 9487.94828796647
41.9579426812466 5966044.59739022 21829.7431438073 12125.65946597
43.8707588416042 5956649.31735799 27847.8087465625 15502.8738954421
45.7923003384699 5944628.0373513 35540.1594280416 19831.8032206536
47.7245342817081 5929232.1956873 45379.0706981668 25388.7336145314
49.6700199183739 5909491.89288936 57973.2170112265 32534.8900994131
51.6321202628518 5884145.49566415 74108.9205088352 41745.5838270149
53.6152936453449 5851543.62691256 94804.9992188185 53651.3738686229
55.6255178009601 5809515.83081796 121386.522967445 69097.6462145914
57.6709257924109 5755181.11236431 155585.410480707 89233.4771549866
59.7627975216932 5684670.53112834 199680.263267924 115649.205603734
61.9171835144513 5592704.53685849 256695.865353827 150599.597787678
64.1577377407192 5471913.26594299 330698.589793884 197388.144263122
66.5210945728355 5311657.37913532 427259.303271918 261083.317592758
69.0683674500189 5095738.37838244 554251.184387377 350010.437230185
71.9147612695976 4797053.25539329 723501.881503741 479444.863102966
75.3374234800282 4359752.30944713 955974.559532433 684273.131020433
79.3519991664472 3764176.49931027 1236794.37045831 999029.130231421
83.2899818185859 3149188.06571989 1469530.20997351 1381281.7243066
86.9294116630474 2610878.43217838 1606144.04350243 1782977.52431918
90.603901927215 2136711.63386558 1650841.93617154 2212446.42996287
94.7479174988374 1705255.55758167 1598969.82049327 2695774.62192507
99.3596120078654 1347569.73327377 1452201.32593915 3200228.94078708
103.825542215346 1100471.22843836 1265234.00303388 3634294.76852776
108.380485088107 922103.442222618 1064667.0609681 4013229.49680928
113.037568236843 793629.511939681 871625.30925272 4334745.1788076
118.228349906903 694027.329743809 683858.58687757 4622114.08337862
124.484685305473 613866.984700898 501018.668752739 4885114.34654636
129.460746055122 570472.657591388 387313.519222082 5042213.82318653
134.304734160826 539844.266405077 299689.253576225 5160466.4800187
139.2598054774 516884.751636226 229518.491528183 5253596.75683559
143.979122232682 500684.257125126 177481.273300907 5321834.46957397
148.623750322333 488686.056504765 137503.593285962 5373810.35020927
153.212132874107 479691.601701538 106690.460138822 5413617.93815964
157.770280657 472870.47707202 82821.8318834795 5444307.6910445
162.31243895346 467660.695027908 64291.9776533313 5468047.32731876
166.849453862582 463661.459331181 49887.6049390997 5486450.93572972
171.389335826604 460580.93147808 38683.6636493958 5500735.40487252
175.938443501671 458202.597504203 29968.1079138964 5511829.2945819
180.502038175475 456363.733690237 23189.9304446344 5520446.33586513
185.084700514902 454940.839406803 17921.1832343238 5527137.97735887
189.690624384056 453839.50134954 13828.7220237979 5532331.77662666
194.323852086674 452987.154059037 10652.8263387377 5536360.01960223
198.988480353187 452327.804537131 8190.84865679054 5539481.34680608
203.688863225645 451818.125357401 6284.61296266262 5541897.26167994
208.429836709218 451424.523950467 4810.6505453948 5543764.82550414
213.216996301287 451120.921763906 3672.60534006843 5545206.47289603
218.057073933998 450887.057897172 2795.31080646124 5546317.63129637
222.95849397958 450707.185202202 2120.16141266695 5547172.65338513
227.932259593 450569.062945536 1601.48999795272 5547829.44705651
232.993487270913 450463.174942625 1203.72706413946 5548333.09799324
238.164341562829 450382.118949929 899.164315957953 5548718.71673411
243.480452061408 450320.122831471 666.170992364126 5549013.70617616
249.008097345166 450272.639295102 487.69127487314 5549239.66943002
250 450265.578242309 461.148362573545 5549273.27339512
