0 0 0
0.1 0.0928964927232476 0.00464482463616238
0.2 0.185792985446495 0.0185792985446495
0.3 0.278689478169743 0.0418034217254614
0.4 0.37158597089299 0.0743171941785981
0.5 0.464482463616238 0.116120615904059
0.6 0.557378956339485 0.167213686901846
0.7 0.634668260951909 0.22728426340974
0.8 0.688546783398095 0.29344501562724
0.9 0.742425305844282 0.364993620089359
1 0.796303828290468 0.441930076796097
1.1 0.850182350736655 0.524254385747453
1.2 0.904060873182841 0.611966546943427
1.3 0.957939395629028 0.705066560384021
1.4 0.962499688622937 0.801581696891142
1.5 0.954730424253777 0.897443202534978
1.6 0.946961159884617 0.992527781741898
1.7 0.939191895515458 1.0868354345119
1.8 0.931422631146298 1.18036616084499
1.9 0.923653366777138 1.27311996074116
2 0.904207187394138 1.36498006505028
2.1 0.83805334795578 1.45209309181777
2.2 0.771899508517422 1.53259073464143
2.3 0.705745669079064 1.60647299352126
2.4 0.639591829640706 1.67373986845725
2.5 0.573437990202349 1.7343913594494
2.6 0.507284150763991 1.78842746649772
2.7 0.422770950522111 1.83529740877809
2.8 0.326018176411217 1.87273686512476
2.9 0.229265402300324 1.90050104406034
3 0.13251262818943 1.91858994558482
3.1 0.0357598540785365 1.92700356969822
3.2 -0.0609929200323571 1.92574191640053
3.3 -0.157745694143251 1.91480498569175
3.4 -0.244459734551743 1.894694714257
3.5 -0.331173774960236 1.8659130387814
3.6 -0.417887815368728 1.82845995926495
3.7 -0.504601855777221 1.78233547570766
3.8 -0.591315896185714 1.72753958810951
3.9 -0.678029936594206 1.66407229647051
4 -0.74615998582251 1.59230528061427
4.1 -0.786414048280531 1.51567657890912
4.2 -0.826668110738553 1.43502247095817
4.3 -0.866922173196575 1.35034295676141
4.4 -0.907176235654597 1.26163803631885
4.5 -0.947430298112619 1.16890770963049
4.6 -0.98768436057064 1.07215197669633
4.7 -0.977244575340327 0.973398591423898
4.8 -0.954131328187929 0.876829796247486
4.9 -0.93101808103553 0.782572325786313
5 -0.907904833883132 0.69062618004038
5.1 -0.884791586730734 0.600991359009687
5.2 -0.861678339578336 0.513667862694234
5.3 -0.827833215086786 0.428763009867412
5.4 -0.751060581238617 0.349818320051142
5.5 -0.674287947390449 0.278550893619689
5.6 -0.597515313542281 0.214960730573053
5.7 -0.520742679694112 0.159047830911234
5.8 -0.443970045845944 0.110812194634231
5.9 -0.367197411997776 0.0702538217420451
5.99999999999999 -0.277576565551975 0.037758158612605
6.09999999999999 -0.179390244041084 0.0149098181329522
6.19999999999999 -0.0812039225301924 0.00188010980438839
6.29999999999999 0.0169823989806987 -0.00133096637308629
6.39999999999999 0.11516872049159 0.00527658960052813
6.49999999999999 0.213355042002481 0.0217027777252316
6.59999999999999 0.311541363513372 0.0479475980010242
6.69999999999999 0.389901592131018 0.0830197457832436
6.79999999999999 0.468261820748663 0.125927916427228
6.89999999999999 0.546622049366308 0.176672109932976
6.99999999999999 0.624982277983952 0.235252326300489
7.09999999999999 0.703342506601597 0.301668565529766
7.19999999999999 0.781702735219242 0.375920827620807
7.29999999999999 0.838967521278515 0.457587203722446
7.39999999999999 0.864589143500217 0.542765036961383
7.49999999999999 0.89021076572192 0.630505032422489
7.59999999999999 0.915832387943623 0.720807190105766
7.69999999999999 0.941454010165325 0.813671510011213
7.79999999999999 0.967075632387028 0.90909799213883
7.89999999999999 0.99269725460873 1.00708663648862
7.99999999999999 0.967518808180572 1.10560544031458
8.09999999999999 0.929640344589938 1.20046339795311
8.19999999999999 0.891761880999304 1.29153350923257
8.29999999999999 0.85388341740867 1.37881577415297
8.39999999999999 0.816004953818036 1.4623101927143
8.49999999999999 0.778126490227403 1.54201676491657
