0 0 0 0.828304353329642
0.1 0.0843555955436132 0.00419236044033651 0.858807557542622
0.2 0.171761511508524 0.0169727964560992 0.889310761755602
0.3 0.262217747894734 0.038646340089418 0.919813965968582
0.4 0.355724304702241 0.0695180233824226 0.950317170181562
0.5 0.452281181931046 0.109892878377243 0.980820374394542
0.6 0.551888379581149 0.160075937116008 1.01132357860752
0.7 0.653111956196608 0.220353112421437 0.970129710023377
0.8 0.742687953309954 0.290267057461581 0.821390232243545
0.9 0.817390002645317 0.368394904824161 0.672650754463714
1 0.877218104202697 0.453249259731378 0.523911276683882
1.1 0.922172257982093 0.543342727405434 0.375171798904051
1.2 0.952252463983507 0.637187913068531 0.226432321124219
1.3 0.967458722206937 0.73329742194287 0.0776928433443871
1.4 0.971332392023957 0.830278295500561 0.0174873498538705
1.5 0.971177527138434 0.927435518123196 -0.0205846475643171
1.6 0.967215462511093 1.02438689427019 -0.0586566449825047
1.7 0.959446198141933 1.12075170396735 -0.0967286424006924
1.8 0.947869734030955 1.21614922724051 -0.13480063981888
1.9 0.932486070178157 1.31019874411548 -0.172872637237068
2 0.913093648663704 1.40251819089862 -0.23110042663901
2.1 0.883041058132955 1.49244063536957 -0.369951383975968
2.2 0.83910337186851 1.57866356600075 -0.508802341312926
2.3 0.781280589870369 1.65979847321881 -0.647653298649884
2.4 0.709572712138533 1.73445684745037 -0.786504255986842
2.5 0.623979738673001 1.80125017912206 -0.9253552133238
2.6 0.524501669473773 1.85878995866051 -1.06420617066076
2.7 0.41446810620466 1.90575426852564 -1.0920704058707
2.8 0.307567411261326 1.94181760530487 -1.04594349299597
2.9 0.205279407605465 1.96742150715415 -0.999816580121245
3 0.107604095237077 1.98302724320222 -0.953689667246516
3.1 0.0145414741561615 1.98909608257781 -0.907562754371787
3.2 -0.0739084556372809 1.9860892944097 -0.861435841497058
3.3 -0.15774569414325 1.97446814782661 -0.815308928622331
3.4 -0.24006191239128 1.95459085625631 -0.831015436338269
3.5 -0.323948781410904 1.92640341032263 -0.846721944054207
3.6 -0.409406301202122 1.88974874494841 -0.862428451770144
3.7 -0.496434471764933 1.84446979505649 -0.878134959486082
3.8 -0.585033293099339 1.7904094955697 -0.89384146720202
3.9 -0.675202765205338 1.7274107814109 -0.909547974917958
4 -0.765565281463706 1.65533495559117 -0.856374151672693
4.1 -0.843377980646622 1.57475738055258 -0.699879831985633
4.2 -0.905541247860832 1.48718100719414 -0.543385512298573
4.3 -0.952055083106336 1.39417077871271 -0.386891192611513
4.4 -0.982919486383134 1.29729163830516 -0.230396872924452
4.5 -0.998134457691226 1.19810852916837 -0.0739025532373919
4.6 -0.997699997030613 1.09818639449921 0.0825917664496683
4.7 -0.985487032050557 0.998986952757227 0.142312894905117
4.8 -0.969479351027668 0.901209027077777 0.177840725552663
4.9 -0.949918886940025 0.805209508653853 0.213368556200208
5 -0.926805639787627 0.711343675791931 0.248896386847754
5.1 -0.900139609570474 0.619966806798487 0.284424217495299
5.2 -0.869920796288567 0.531434179979996 0.319952048142845
5.3 -0.835966102860279 0.446102294290143 0.373789586953048
5.4 -0.792233325591932 0.364586425891316 0.500865958413897
5.5 -0.7357929111775 0.288079217076627 0.627942329874747
5.6 -0.666644859616983 0.217851431560686 0.755018701335596
5.7 -0.584789170910381 0.155173833058101 0.882095072796445
5.8 -0.490225845057694 0.10131718528348 1.00917144425729
5.9 -0.382954882058923 0.0575522519514315 1.13624781571814
5.99999999999999 -0.266383011959599 0.0250816621756541 1.14976651899457
6.09999999999999 -0.154515680502469 0.00408854955992292 1.08758011014803
6.19999999999999 -0.0488669899299931 -0.00602876195432804 1.0253937013015
6.29999999999999 0.0505630597578293 -0.00589213645556413 0.963207292454957
6.39999999999999 0.143774468560998 0.00387656196774934 0.90102088360842
6.49999999999999 0.230767236479512 0.0226554692271469 0.838834474761882
6.59999999999999 0.311541363513374 0.0498227212341632 0.776648065915344
6.69999999999999 0.38931153707856 0.0848636101475322 0.778755405388403
6.79999999999999 0.467292444591054 0.127692053114785 0.780862744861467
6.89999999999999 0.545484086050853 0.178329123530653 0.782970084334531
6.99999999999999 0.623886461457959 0.236795894789866 0.785077423807594
7.09999999999999 0.702499570812371 0.303113440287154 0.787184763280658
7.19999999999999 0.78132341411409 0.37730283341725 0.789292102753722
7.29999999999999 0.859045762261342 0.459367651186859 0.725787987138117
7.39999999999999 0.923528496062721 0.548631298518269 0.563866688889472
7.49999999999999 0.971819100039236 0.643533612738573 0.401945390640826
7.59999999999999 1.00391757419089 0.742455380865286 0.24002409239218
7.69999999999999 1.01982391851767 0.843777389915921 0.0781027941435346
7.79999999999999 1.01953813301959 0.945880426907991 -0.083818504105111
7.89999999999999 1.00306021769665 1.04714527885901 -0.245739802353757
7.99999999999999 0.974595551557982 1.14606487622674 -0.302526625373886
8.09999999999999 0.942817728809945 1.24196095958198 -0.333029829586866
8.19999999999999 0.907989585640609 1.33452674464135 -0.363533033799845
8.29999999999999 0.870111122049976 1.42345719936272 -0.394036238012825
8.39999999999999 0.829182338038044 1.50844729170396 -0.424539442225805
8.49999999999999 0.785203233604815 1.58919198962295 -0.455042646438785
