0 0.992120220748768 0.0846551446569173 0
0.125 0.992531455524221 -0.0778344581356358 0.124252811005756
0.25 0.972917801115707 -0.234238143215104 0.247297001509103
0.375 0.934556123788365 -0.37672804848651 0.36669973802685
0.5 0.879516718127957 -0.500602948379323 0.480240812460615
0.625 0.81022767406692 -0.604855951756227 0.585985726346529
0.75 0.729028836554678 -0.691747173738874 0.682302363192987
0.875 0.637841990515332 -0.765408781437301 0.767827560716398
1 0.538055918046712 -0.829902249815587 0.841405039944619
1.125 0.430652444054682 -0.887433484491778 0.90202420039471
1.25 0.316507894796972 -0.937429232777621 0.948786859948654
1.375 0.196734714289547 -0.976835373740287 0.980915948411001
1.5 0.0729160177807956 -1.0014557486156 0.997801257988899
1.625 -0.0528600899624178 -1.00768539546404 0.999062899633149
1.75 -0.178165993585094 -0.993853589659284 0.984605704673306
1.875 -0.300513506635336 -0.960644897973499 0.954644900655919
2 -0.417622755464975 -0.910551966671169 0.909696092394386
2.125 -0.527581252159087 -0.846757068035909 0.850537766377549
2.25 -0.628857793691433 -0.772022642696331 0.778163042540487
2.375 -0.720203589512779 -0.68805062779185 0.693737375293724
2.5 -0.800512592430225 -0.595469369435916 0.598571997890417
2.625 -0.868713408492722 -0.494310446117712 0.494113502542249
2.75 -0.923736198099203 -0.384677948510269 0.381942490709456
2.875 -0.964559510533292 -0.267316373683105 0.263771180255066
3 -0.990311482318069 -0.143893637590815 0.141431246725661
3.125 -1.00038549784502 -0.0169517550793818 0.0168473927440924
3.25 -0.994531539548546 0.110416925122579 -0.108001015063037
3.375 -0.972895805849663 0.23505156724173 -0.231127274882444
3.5 -0.935997421657164 0.354223672374774 -0.350588225449838
3.625 -0.88464875991181 0.466015589749976 -0.464524312352959
3.75 -0.819842782086788 0.569451554682422 -0.571189882649289
3.875 -0.742643910525039 0.664303415050905 -0.668968898211331
4 -0.654123367891317 0.750586175258977 -0.756379208197409
4.125 -0.55537004040627 0.82789022991771 -0.832073174500322
4.25 -0.4475813239049 0.894821869848665 -0.894844781069615
4.375 -0.332200668051606 0.948863248863378 -0.943651574110397
4.5 -0.211035010143119 0.986848293922996 -0.977653356684463
4.625 -0.0862762830783496 1.00598200669011 -0.996260298546844
4.75 0.0396195392421872 1.00501317582752 -0.99917507283779
4.875 0.164179723116654 0.984985263821196 -0.986411463530203
5 0.285203163162948 0.949089066146015 -0.958278195668858
5.125 0.400967035564059 0.901530310333732 -0.915330559081777
5.25 0.51024962142269 0.845827267442984 -0.858306991303535
5.375 0.612143281183128 0.783291198966717 -0.788076099942174
5.5 0.705728004789596 0.712411275336862 -0.705617001263588
5.625 0.789744362530627 0.629468449488476 -0.612042055004637
5.75 0.862410894155413 0.53015207775512 -0.508652935756633
5.875 0.921473923861961 0.411535885412917 -0.397005462603522
6 0.964487694943513 0.273674685565766 -0.278953213653297
6.125 0.989241690363401 0.12030716239377 -0.156645485748694
6.25 0.994211096825581 -0.0414656157306337 -0.0324685994373857
