0 0.97000436 -0.24308753 -0.97000436 0.24308753 0 0
0.001 0.970469957704257 -0.242655012682624 -0.969537549790347 0.243519743457119 -0.000932407913910308 -0.00086473077449442
0.003 0.971397522124983 -0.241789074662728 -0.968600285329553 0.244383250533971 -0.00279723679543005 -0.00259417587124235
0.007 0.97323817273851 -0.24005364188586 -0.966711134598576 0.246106526969292 -0.00652703813993453 -0.006052885083432
0.015 0.976861927098456 -0.236568995404049 -0.962873981370165 0.249537653348401 -0.0139879457282912 -0.0129686579443519
0.031 0.98388217764908 -0.229548014881155 -0.954961365192238 0.25633425410067 -0.0289208124568418 -0.0267862392195155
0.063 0.997037001004605 -0.215324762008645 -0.938160016722354 0.269630947046351 -0.0588769842822511 -0.054306185037706
0.127 1.01998693336851 -0.186326873495337 -0.900480021006137 0.294727652877627 -0.119506912362368 -0.10840077938229
0.215424541028198 1.04494343648523 -0.145525981550713 -0.83897164184186 0.324745042418415 -0.205971794643367 -0.179219060867702
0.301750973159285 1.06252868850465 -0.105314936317377 -0.768050655264153 0.346368364780539 -0.294478033240499 -0.241053428463161
0.389065086197008 1.07417351713635 -0.0645265769043481 -0.686014957642381 0.357354460831456 -0.38815855949397 -0.292827883927108
0.475317166561471 1.08005952123547 -0.0242218163376754 -0.59676559787111 0.354465044876635 -0.483293923364359 -0.33024322853896
0.56430098979837 1.08052586181543 0.017353084270283 -0.499565915769108 0.33509024590413 -0.580959946046323 -0.352443330174413
0.652048077476247 1.07542836755253 0.0583552916087142 -0.402616710877345 0.299507321192158 -0.672811656675184 -0.357862612800873
0.742406585282739 1.06419081111267 0.100571032813753 -0.305178907271827 0.247699603422425 -0.759011903840843 -0.348270636236178
0.839572899408035 1.04477967252348 0.145841010952825 -0.205292724114827 0.178698213859249 -0.839486948408653 -0.324539224812074
0.943202219871386 1.01469325443996 0.193578524616162 -0.104340083200804 0.0951349551286876 -0.910353171239154 -0.28871347974485
1.05277849238683 0.970720919302749 0.242421024711826 -0.0014358573184963 0.00132907779786197 -0.969285061984253 -0.243750102509688
1.15684933986306 0.91554456771898 0.285401895926114 0.0961789501392112 -0.0879202942797581 -1.01172351785819 -0.197481601646356
1.24888192878098 0.854497626010719 0.318267975866218 0.185221499435304 -0.163070243859083 -1.03971912544602 -0.155197732007135
1.33668335648297 0.784900795145562 0.342329706061537 0.274224738002755 -0.227972684721285 -1.05912553314832 -0.114357021340253
1.42579375411704 0.70330038948085 0.35617730994268 0.368999038579644 -0.283435494602279 -1.0722994280605 -0.0727418153404021
1.51293514713073 0.614546458353754 0.356205432682484 0.46479543419353 -0.32418508822816 -1.07934189254729 -0.0320203444543245
1.6023357086151 0.517557972139981 0.339918375839664 0.563304420108929 -0.349668452822015 -1.08086239224891 0.00975007698235109
1.69143903157557 0.419027257943964 0.30666004736888 0.65766417231499 -0.358044847007124 -1.07669143025895 0.0513847996382434
1.78190419681007 0.320891519576696 0.257123436838672 0.745576051439264 -0.350778797537261 -1.06646757101596 0.0936553606985887
1.87884133196561 0.220408272874052 0.190106011985641 0.82790722014812 -0.328959875702467 -1.04831549302217 0.138853863716825
1.98387192873908 0.117368235339699 0.106545300436847 0.901889913108995 -0.293900181528204 -1.01925814844869 0.187354881091357
2.09429187489109 0.0133772091534067 0.0124063736254264 0.963191578617826 -0.249267208364113 -0.976568787771233 0.236860834738687
2.20725934799935 -0.0924724400773014 -0.0846153467682839 1.01034768020977 -0.199270299870243 -0.917875240132466 0.283885646638527
2.30084501306884 -0.18289521320256 -0.161213858278505 1.03910711993092 -0.156303352148144 -0.856211906728359 0.317517210426648
2.38989029593096 -0.273073005283351 -0.227198232986599 1.05892508637288 -0.114890927379289 -0.78585208108953 0.342089160365887
2.48031462587955 -0.369222842159064 -0.283537312882656 1.07232759907456 -0.0726633022573482 -0.703104756915499 0.356200615140004
2.56870154494432 -0.466404273501532 -0.324723786775166 1.07941862188252 -0.031360389068632 -0.61301434838099 0.356084175843797
2.65949987918615 -0.566406045032915 -0.350184597989588 1.08082518252808 0.0110625590846074 -0.514419137495165 0.33912203890498
2.74961026072917 -0.661602433917748 -0.358028783782617 1.07639059973141 0.053167782556306 -0.414788165813665 0.304861001226311
2.84144054877796 -0.750347634207431 -0.349923639017872 1.0656969147518 0.0960745714004115 -0.315349280544371 0.25384906761746
2.94007865685736 -0.833280021667819 -0.326947114903055 1.04672788441935 0.142051947068308 -0.213447862751527 0.184895167834747
3.04716602107046 -0.907493795140816 -0.290494227663978 1.0162930045454 0.191436197286926 -0.108799209404582 0.0990580303770514
3.15950705765596 -0.968400114908311 -0.244569966946031 0.971623074384852 0.241582912108245 -0.00322295947654265 0.00298705483778534
3.26650831189956 -1.01209319212175 -0.197013889631235 0.914953228304818 0.285787894969891 0.0971399638169259 -0.0887740053386564
3.3609562814449 -1.04062088854048 -0.153602343619714 0.852007302186534 0.319354548296525 0.188613586353941 -0.165752204676812
3.45126196765351 -1.0602164305349 -0.111582897107812 0.779819926176355 0.343615310963386 0.280396504358544 -0.232032413855575
3.54287773898064 -1.07324537059522 -0.0687929222968384 0.695075105919234 0.35680830870113 0.378170264675989 -0.288015386404292
3.63281448070185 -1.07986572347875 -0.0267662472666203 0.602633009643994 0.355098505733735 0.477232713834753 -0.328332258467115
3.72565702205245 -1.0805880558088 0.0166112568608237 0.501371878531695 0.335595168199849 0.579216177277104 -0.352206425060673
3.816740369188 -1.07529375164612 0.0591719362648279 0.400749751303582 0.298658664610117 0.67454400034254 -0.357830600874946
3.91073202838286 -1.06334845238572 0.103082626157414 0.299554315431421 0.24422205458905 0.763794136954298 -0.347304680746464
4.01225111957239 -1.04241706671597 0.150356836894199 0.195633202742321 0.171235597462023 0.846783863973648 -0.321592434356223
4.12205928910481 -1.00916558495392 0.200808560010035 0.089279831637302 0.0817637805721172 0.91988575331662 -0.282572340582153
4.23709128570542 -0.960565338464014 0.251596118680966 -0.0184444559685937 -0.0171049074894919 0.979009794432606 -0.234491211191475
4.34238073670745 -0.901722717878839 0.294022936242952 -0.11765419161845 -0.106800032475216 1.01937690949729 -0.187222903767737
4.43713769255864 -0.835641837577838 0.326073476276537 -0.210374389995929 -0.182578698755297 1.04601622757377 -0.143494777521241
4.52876956288605 -0.759449340895624 0.348207451940388 -0.304690674374847 -0.247410995208693 1.06414001527047 -0.100796456731696
4.6213781434959 -0.671036735681768 0.357926490559692 -0.404575360961488 -0.300396934597944 1.07561209664325 -0.0575295559617492
4.71353184148593 -0.574292137782608 0.351475067334126 -0.506408831021177 -0.337006289612851 1.08070096880378 -0.0144687777212769
4.8090646962604 -0.469214138653649 0.325695735603703 -0.610342077851676 -0.355861911514712 1.07955621650532 0.0301661759110077
4.90148371472223 -0.36760396171115 0.282734424858901 -0.704573205685657 -0.356087705802507 1.07217716739681 0.0733532809436046
4.99936721900537 -0.263805042544818 0.220994449232958 -0.793456352884877 -0.340052788868227 1.05726139542969 0.119058339635269
5.10640836868358 -0.15646777387506 0.139771484951448 -0.875258004333614 -0.308522802099945 1.03172577820867 0.168751317148496
5.22093104739076 -0.0473892740155121 0.0438050398695176 -0.944770045194576 -0.264610087097611 0.992159319210087 0.220805047228092
5.3399702695806 0.0638459712814781 -0.0588214378475988 -0.999122033759968 -0.212973960013986 0.935276062478488 0.271795397861583
5.44141719291592 0.160823934274501 -0.143345275532313 -1.03299976069919 -0.16670417302712 0.872175826424685 0.310049448559431
5.53616618519209 0.255738247267617 -0.215448511402813 -1.05573404001558 -0.122720803997693 0.799995792747958 0.338169315400505
5.63283522943602 0.357815778535792 -0.277649620191431 -1.07111378598109 -0.0775925151745406 0.713298007445296 0.35524213536597
5.72646295588249 0.460547584977358 -0.322695656230742 -1.07917281330025 -0.0338410446820495 0.618625228322889 0.35653670091279
5.82277991406794 0.56665528251039 -0.350225544806597 -1.08083865173394 0.011160184395583 0.514183369223545 0.339065360411013
5.9176166806608 0.666636281131522 -0.357981956486681 -1.07599259309654 0.0554738136298772 0.40935631196502 0.302508142856802
6.01473452212432 0.75959250746238 -0.348152326622473 -1.06411679670809 0.100847690706487 0.304524289245707 0.247304635915984
6.11982806321747 0.8459401016142 -0.321923644783636 -1.0427071193933 0.14979469272692 0.196767017779102 0.172128952056714
6.23522379409378 0.922496847675042 -0.280798203898174 -1.00756794912569 0.202790869351226 0.0850711014506436 0.0780073345469465
6.35584771442062 0.983398688002798 -0.230057539950267 -0.955583431316014 0.255823487236249 -0.0278152566867857 -0.0257659472859839
6.46441993836404 1.0236505741894 -0.181097173517274 -0.89321160175591 0.29892655060313 -0.130438972433495 -0.117829377085858
6.56303370052468 1.04996332612384 -0.135484497058599 -0.822277166309587 0.330969391544701 -0.227686159814256 -0.195484894486103
6.66433794870866 1.06815135251544 -0.0882321712960984 -0.734916325806576 0.352480283253879 -0.333235026708868 -0.264248111957783
6.7606679274124 1.0779871389564 -0.043219386032592 -0.639729493581307 0.357686909807811 -0.43825764537509 -0.31446752377522
6.85908715882013 1.0810340190572 0.00276543486920563 -0.534069053457538 0.343848873617617 -0.546964965599661 -0.346614308486824
6.9571315782684 1.07718524929582 0.0485760582320545 -0.425696376079646 0.309426692760878 -0.651488873216177 -0.358002750992934
7.05596904716435 1.06615105974895 0.094757464956731 -0.318424921578584 0.255660537840933 -0.747726138170367 -0.350418002797665
7.16273382598205 1.04550607913277 0.144516326329391 -0.208200932674373 0.180908541823432 -0.837305146458395 -0.325424868152825
7.28095939340405 1.01065911570548 0.198918371867691 -0.09323408377799 0.0852889898036351 -0.917425031927497 -0.284207361671328
7.4054396689219 0.957969361939233 0.253840652212185 0.023368106210696 -0.0216613804420583 -0.981337468149931 -0.232179271770128
7.51823374826025 0.893567574900782 0.298759403192285 0.129918656394963 -0.117387133943275 -1.02348623129575 -0.181372269249012
7.62047662896907 0.819835790974398 0.331848988679275 0.230816195082563 -0.197774036959411 -1.05065198605696 -0.134074951719866
7.72558812435106 0.728473830070184 0.353427069164653 0.340624688359684 -0.2683886434961 -1.06909851842987 -0.085038425668554
7.82583701286197 0.628461505598438 0.357190691442212 0.45021234944761 -0.318997030198964 -1.07867385504605 -0.0381936612432492
7.92908044255978 0.516864210732655 0.339758616885128 0.564031277704819 -0.3498029425406 -1.08089548843748 0.0100443256554705
8.03022123034162 0.405104218978225 0.300633029956477 0.670569695676262 -0.357936694847188 -1.07567391465449 0.0573036648907101
8.13422480094915 0.293204634194208 0.240257938249888 0.769163726241294 -0.34614809575685 -1.06236836043551 0.105890157506961
8.24799875280863 0.177528038665131 0.156937728195993 0.860180641866122 -0.315758935118379 -1.03770868053126 0.158821206922384
8.37400404675312 0.0567816451646932 0.0523967232304065 0.939419822238566 -0.268732741071543 -0.996201467403263 0.216336017841135
8.50695957471801 -0.067508180041611 -0.0621589641453585 1.00064628051824 -0.211218987993291 -0.933138100476635 0.273377952138649
8.6198027718691 -0.175809898957627 -0.155552317163039 1.03724503629068 -0.159632667598235 -0.861435137333056 0.315184984761272
8.72666785752925 -0.284143767302648 -0.234461721673006 1.06088520375251 -0.109933682630172 -0.77674143644987 0.344395404303176
8.83541026829944 -0.400810342165898 -0.298700177536194 1.07533140965348 -0.0591386035050791 -0.674521067487585 0.357838781041271
8.94360122865493 -0.520324781647814 -0.340624099071434 1.08095222070464 -0.00858556556103145 -0.560627439056831 0.349209664632464
9.05327152614735 -0.638446230826308 -0.357663377219772 1.07809646124908 0.0426552094118505 -0.439650230422776 0.31500816780792
9.16206524858857 -0.745292621166991 -0.350848532000168 1.06657535375971 0.0934894913475836 -0.321282732592723 0.257359040652583
9.28116038858551 -0.844613502688865 -0.322508843880256 1.04318483880259 0.148979724416493 -0.198571336113728 0.173529119463761
9.41631251062958 -0.932764366077094 -0.273655837439211 1.0009123194553 0.210911743297692 -0.068147953378207 0.0627440941415176
9.56253710569485 -1.00110104342037 -0.210692528013558 0.932489427216618 0.27385235351882 0.0686116162037457 -0.0631598255052629
9.68982127714065 -1.04133531179344 -0.152402525228478 0.850096781494357 0.320211983974148 0.191238530299076 -0.167809458745672
9.81528154118796 -1.06642933784735 -0.0939636399813137 0.746220429935105 0.350688709965446 0.320208907912244 -0.256725069984134
9.94185946092643 -1.07909705799155 -0.0348195060374242 0.620888994198257 0.356706614455078 0.458208063793288 -0.321887108417655
10 -1.08098279794769 -0.00765463154935348 0.558458637641539 0.348818748671972 0.522524160306143 -0.34116411712262
