1 119.975700195713 124.04721767143 116.037819369541
1.25 114.943921035059 118.949770411256 111.072975906002
1.5 110.123174620872 114.061791521739 106.320560345292
1.75 105.504610242766 109.374673361434 101.771483656863
2 101.07974838902 104.880162000966 97.4170456972935
2.25 96.8404651785175 100.570342688012 93.2489185711954
2.5 92.7789774455984 96.4376259095698 89.259130704053
2.75 88.8878284504605 92.4747340269598 85.4400515965264
3 85.1598741888628 88.6746884600397 81.7843772310638
3.25 81.5882702760005 85.0307973980513 78.2851161029129
3.5 78.1664593804703 81.5366440154641 74.9355758488159
3.75 74.8881591852548 78.1860751720634 71.7293504478139
4 71.7473508536228 74.9731905773819 68.6603079696839
4.25 68.7382679787702 71.8923324003973 65.7225788475756
4.5 65.8553859969124 68.9380753061944 62.9105446524213
4.75 63.0934120443911 66.1052169020498 60.2188273476473
5 60.4472752401748 63.3887685761137 57.642279003639
5.25 57.9121173759102 60.7839467125551 55.1759719522863
5.5 55.4832839964336 58.2861642677025 52.8151893627816
5.75 53.1563158543643 55.8910226923433 50.5554162206452
6 50.9269407230936 53.5943041859591 48.3923306927261
6.25 48.791065553136 51.3919642692566 46.3217958616635
6.5 46.7447689574431 49.280124661913 44.3398518140014
6.75 44.7842940118838 47.2550664529953 42.442708066824
7 42.9060413576715 45.3132235520266 40.626736318429
7.25 41.1065625930759 43.4511764091655 38.8884635091728
7.5 39.3825539422863 41.6656459934417 37.224565179218
7.75 37.7308501898027 39.9534880184419 35.6318591104789
8 36.1484188692178 38.3116874052797 34.1072992406058
8.25 34.6323546957227 36.7373529730961 32.647969837367
8.5 33.1798742321119 35.2277123477433 31.2510799222898
8.75 31.7883107784967 33.7801070796844 29.9139579328927
9 30.4551094763439 32.3919879625121 28.634046613302
9.25 29.1778226178508 31.0609105438435 27.4088981234811
9.5 27.9541051520452 29.7845308206834 26.2361693577173
9.75 26.7817103793593 28.5606011116784 25.1136174634152
10 25.6584858267733 27.3869660989909 24.039095551624
10.25 24.5823692959552 26.2615590328238 23.0105485910958
10.5 23.5513850771417 25.1823980919121 22.0260094780234
10.75 22.563640321809 24.1475828935717 21.0835952739393
11 21.6173215674733 23.1552911471601 20.1815036045814
11.25 20.7106914082417 22.2037754450565 19.3180092128393
11.5 19.8420853049998 21.2913601855081 18.4914606591862
11.75 19.0099085293799 20.4164386219267 17.7002771632894
12 18.2126332358994 19.5774700334371 16.9429455807549
12.25 17.4487956568935 18.7729770116958 16.2180175092284
12.5 16.7169934150926 18.0015428592019 15.5241065183142
12.75 16.0158829489096 17.2618090945188 14.8598854980167
13 15.3441770457114 16.5524730600132 14.2240841206329
13.25 14.7006424785446 15.8722856278987 13.6154864112409
13.5 14.0840977419763 15.2200490005449 13.0329284221385
13.75 13.493410882895 14.5946146011773 12.4752960067847
14 12.9274974222865 13.994881051255 11.9415226889861
14.25 12.3853183641709 13.4197922309628 11.4305876232529
14.5 11.8658782880452 12.868335419404 10.9415136424245
14.75 11.368223521328 12.3395395112169 10.4733653888296
15 10.8914403884522 11.8324733064764 10.025247525408
