1 119.975700195713
1.25 114.943921035059
1.5 110.123174620872
1.75 105.504610242766
2 101.07974838902
2.25 96.8404651785175
2.5 92.7789774455984
2.75 88.8878284504605
3 85.1598741888628
3.25 81.5882702760005
3.5 78.1664593804703
3.75 74.8881591852548
4 71.7473508536228
4.25 68.7382679787702
4.5 65.8553859969124
4.75 63.0934120443911
5 60.4472752401748
5.25 57.9121173759102
5.5 55.4832839964336
5.75 53.1563158543643
6 50.9269407230936
6.25 48.791065553136
6.5 46.7447689574431
6.75 44.7842940118838
7 42.9060413576715
7.25 41.1065625930759
7.5 39.3825539422863
7.75 37.7308501898027
8 36.1484188692178
8.25 34.6323546957227
8.5 33.1798742321119
8.75 31.7883107784967
9 30.4551094763439
9.25 29.1778226178508
9.5 27.9541051520452
9.75 26.7817103793593
10 25.6584858267733
10.25 24.5823692959552
10.5 23.5513850771417
10.75 22.563640321809
11 21.6173215674733
11.25 20.7106914082417
11.5 19.8420853049998
11.75 19.0099085293799
12 18.2126332358994
12.25 17.4487956568935
12.5 16.7169934150926
12.75 16.0158829489096
13 15.3441770457114
13.25 14.7006424785446
13.5 14.0840977419763
13.75 13.493410882895
14 12.9274974222865
14.25 12.3853183641709
14.5 11.8658782880452
14.75 11.368223521328
15 10.8914403884522
